       1    1.3205
       2    1.3605
       3    1.2865
       4    1.2290
       5    1.1876
       6    1.2011
       7    1.3096
       8    1.3672
       9    1.1792
      10    1.2117
      11    1.2056
      12    1.2527
      13    1.2707
      14    1.3099
      15    1.1805
      16    1.1895
      17    1.1975
      18    1.2696
      19    1.2916
      20    1.2825
      21    1.3419
      22    1.3321
      23    1.3373
      24    1.3535
      25    1.3026
      26    1.3272
      27    1.2902
      28    1.3711
      29    1.1871
      30    1.2639
      31    1.2351
      32    1.2685
      33    1.4800
      34    1.3322
      35    1.4280
      36    1.2816
      37    1.2532
      38    1.2898
      39    1.2327
      40    1.1613
      41    1.2626
      42    1.2513
      43    1.2634
      44    1.2250
      45    1.3394
      46    1.4667
      47    1.7121
      48    1.7203
      49    1.6740
      50    1.8089
      51    1.6987
      52    1.7404
      53    1.7808
      54    1.7627
      55    1.7225
      56    1.6902
      57    1.6111
      58    1.6394
      59    1.6594
      60    1.6115
      61    1.5515
      62    1.5334
      63    1.5751
      64    1.5176
      65    1.4267
      66    1.4460
      67    1.3217
      68    1.2461
      69    1.1213
      70    1.1375
      71    1.1605
      72    1.1745
      73    1.1980
      74    1.1890
      75    1.1944
      76    1.3041
      77    1.2274
      78    1.2041
      79    1.1973
      80    1.1549
      81    1.0938
      82    1.0227
      83    0.9233
      84    1.0257
      85    1.0564
      86    0.9925
      87    1.0050
      88    0.8786
      89    0.9864
      90    1.0330
      91    1.0385
      92    0.9583
      93    0.8587
      94    0.9722
      95    0.9814
      96    1.0123
      97    1.0032
      98    0.9721
      99    1.0331
     100    1.1115
     101    0.9940
     102    0.9503
     103    1.0542
     104    1.0136
     105    0.9690
     106    1.0447
     107    1.0439
     108    1.0289
     109    1.0132
     110    0.9259
     111    0.8987
     112    0.8706
     113    1.0509
     114    1.0797
     115    0.9366
     116    0.9695
     117    1.0619
     118    1.0802
     119    1.0840
     120    1.1261
     121    1.2094
     122    1.1341
     123    1.1556
     124    1.1700
     125    1.1488
     126    1.2626
     127    1.1967
     128    1.1882
     129    1.1953
     130    1.2966
     131    1.3064
     132    1.2748
     133    1.2751
     134    1.3583
     135    1.3313
     136    1.3176
     137    1.1610
     138    1.1660
     139    1.3173
     140    1.1190
     141    1.1156
     142    1.1328
     143    1.0357
     144    1.0800
     145    0.9709
     146    0.9160
     147    0.9313
     148    0.9084
     149    1.1553
     150    1.0951
     151    1.0986
     152    1.0833
     153    1.1188
     154    1.0731
     155    1.1311
     156    1.0689
     157    1.0020
     158    1.0795
     159    1.0462
     160    1.0909
     161    1.0661
     162    0.9868
     163    0.9966
     164    0.9591
     165    1.0022
     166    0.9284
     167    0.9227
     168    0.8882
     169    0.9276
     170    0.9107
     171    0.9190
     172    1.0198
     173    0.9396
     174    0.9434
     175    0.9151
     176    0.9814
     177    0.9625
     178    1.0370
     179    0.9843
     180    0.9623
     181    0.9201
     182    0.9104
     183    0.9026
     184    0.9664
     185    1.1197
     186    0.9205
     187    0.9819
     188    1.0601
     189    1.0663
     190    0.8849
     191    0.8822
     192    0.9669
     193    0.8472
     194    0.9064
     195    0.9148
     196    0.8794
     197    0.8259
     198    0.8833
     199    0.8859
     200    0.9720
     201    1.0232
     202    0.9527
     203    0.9894
     204    0.9230
     205    0.9347
     206    0.8942
     207    0.9535
     208    0.7896
     209    0.8507
     210    0.9681
     211    1.0333
     212    1.0242
     213    0.9539
     214    0.9226
     215    0.9201
     216    0.9570
     217    0.9086
     218    0.8938
     219    0.9588
     220    0.9546
     221    0.9904
     222    0.8809
     223    0.9740
     224    0.9396
     225    0.8871
     226    0.8584
     227    0.8961
     228    0.7898
     229    0.9189
     230    0.8460
     231    0.7411
     232    0.7823
     233    0.8643
     234    0.7303
     235    0.8420
     236    0.8256
     237    0.8456
     238    0.8180
     239    0.9659
     240    0.9020
     241    0.8631
     242    0.9590
     243    0.9680
     244    1.0036
     245    0.8572
     246    0.8428
     247    0.8579
     248    1.0819
     249    0.9222
     250    0.9315
     251    0.8895
     252    0.8406
     253    0.7892
     254    0.9192
     255    1.0282
     256    0.8524
     257    0.8467
     258    0.9841
     259    0.9420
     260    0.9859
     261    1.0869
     262    0.9025
     263    0.9794
     264    1.0993
     265    1.0713
     266    1.0549
     267    1.0644
     268    1.1045
     269    1.2112
     270    1.3708
     271    1.1499
     272    1.2122
     273    1.1133
     274    1.0056
     275    1.1358
     276    1.0462
     277    1.1438
     278    1.0535
     279    0.9234
     280    1.0239
     281    1.0630
     282    1.0121
     283    1.1271
     284    1.1601
     285    1.2193
     286    1.1756
     287    1.2008
     288    1.2361
     289    1.2461
     290    1.1855
     291    1.0014
     292    0.9427
     293    0.8484
     294    0.9493
     295    0.9696
     296    1.0043
     297    1.0099
     298    1.0065
     299    0.9365
     300    0.9192
     301    1.0008
     302    1.0436
     303    1.0755
     304    0.9665
     305    1.0078
     306    1.0408
     307    1.0996
     308    1.1585
     309    1.0818
     310    1.0770
     311    0.9955
     312    1.0722
     313    1.1624
     314    1.0094
     315    1.0983
     316    1.0892
     317    1.0672
     318    1.0838
     319    1.0098
     320    0.9923
     321    0.9034
     322    0.9206
     323    0.8472
     324    0.8491
     325    0.8857
     326    1.0030
     327    1.0382
     328    0.9547
     329    0.9392
     330    0.9146
     331    0.9558
     332    1.0161
     333    1.0023
     334    0.9246
     335    0.8466
     336    0.8197
     337    0.7896
     338    0.9082
     339    0.9321
     340    0.9643
     341    1.0484
     342    0.9081
     343    0.8906
     344    0.8281
     345    0.8346
     346    0.8374
     347    0.8443
     348    0.8158
     349    0.8684
     350    0.8430
     351    0.8215
     352    0.8334
     353    0.8174
     354    0.7873
     355    0.6995
     356    0.7112
     357    0.8864
     358    0.9255
     359    0.8713
     360    1.0073
     361    0.8266
     362    0.7342
     363    0.8719
     364    0.8396
     365    0.8531
     366    0.8391
     367    0.8399
     368    0.8370
     369    0.9010
     370    0.8624
     371    0.8412
     372    0.8601
     373    0.8700
     374    0.9318
     375    0.8764
     376    0.9714
     377    0.9284
     378    0.8738
     379    0.8683
     380    0.8229
     381    0.8604
     382    0.8403
     383    0.7944
     384    0.8487
     385    0.8946
     386    0.9156
     387    0.7626
     388    0.8698
     389    0.7757
     390    0.9410
     391    0.8556
     392    0.8527
     393    0.9134
     394    0.7641
     395    0.8889
     396    0.8089
     397    0.9573
     398    0.8729
     399    0.8553
     400    0.8369
     401    0.9084
     402    1.0184
     403    1.1281
     404    0.9835
     405    1.0491
     406    1.1619
     407    1.1451
     408    1.4370
     409    1.2330
     410    1.2679
     411    1.1616
     412    1.1157
     413    1.1078
     414    1.0193
     415    0.9480
     416    0.8756
     417    0.8108
     418    0.9000
     419    0.9046
     420    1.0173
     421    0.8080
     422    0.8578
     423    0.7546
     424    0.7893
     425    0.7451
     426    0.7033
     427    0.7784
     428    0.8804
     429    0.7891
     430    0.8237
     431    0.8682
     432    0.7791
     433    0.7480
     434    0.9289
     435    0.9393
     436    0.9055
     437    0.8383
     438    0.9116
     439    0.8681
     440    0.9526
     441    0.8458
     442    0.7299
     443    0.8043
     444    0.8276
     445    0.9277
     446    0.8675
     447    0.8341
     448    0.9237
     449    1.0440
     450    0.9361
     451    0.8385
     452    0.8769
     453    0.7662
     454    0.8638
     455    0.7679
     456    0.9503
     457    0.8821
     458    0.9126
     459    0.9247
     460    0.9692
     461    0.9927
     462    0.9996
     463    0.9848
     464    1.0802
     465    1.2180
     466    1.0343
     467    0.8017
     468    0.9265
     469    0.8926
     470    0.9697
     471    0.8754
     472    0.9384
     473    0.8697
     474    0.8789
     475    0.8338
     476    0.7594
     477    0.8787
     478    0.8622
     479    0.9388
     480    0.8574
     481    0.8738
     482    0.8506
     483    0.8720
     484    0.9101
     485    0.8575
     486    0.9151
     487    0.9012
     488    0.7626
     489    0.8675
     490    0.8904
     491    0.8453
     492    1.0290
     493    0.8379
     494    1.0717
     495    1.0419
     496    0.9943
     497    1.0134
     498    1.1283
     499    0.9561
     500    1.0363
     501    0.9020
     502    0.8464
     503    0.8563
     504    0.7379
     505    0.7536
     506    0.8004
     507    0.8379
     508    0.8581
     509    0.8191
     510    0.7927
     511    0.7896
     512    0.7802
     513    0.7955
     514    0.8692
     515    0.8168
     516    0.8007
     517    0.8296
     518    0.8743
     519    0.8818
     520    0.9375
     521    0.8556
     522    0.8173
     523    0.8433
     524    0.8158
     525    0.9047
     526    0.8741
     527    0.8079
     528    0.7631
     529    0.7695
     530    0.7262
     531    0.6798
     532    0.8174
     533    0.7739
     534    0.8697
     535    0.9164
     536    0.7998
     537    0.7904
     538    0.8596
     539    0.9571
     540    0.9948
     541    1.0037
     542    0.9373
     543    0.9519
     544    1.0580
     545    1.0286
     546    0.8421
     547    0.8908
     548    0.8840
     549    0.8131
     550    0.8888
     551    0.9003
     552    0.8408
     553    0.7779
     554    0.7113
     555    0.7943
     556    0.8664
     557    0.9217
     558    0.7578
     559    0.7671
     560    0.9650
     561    0.7370
     562    0.8351
     563    0.9183
     564    0.8756
     565    0.8288
     566    0.7941
     567    0.8891
     568    0.7735
     569    0.8812
     570    0.7637
     571    0.7326
     572    0.7823
     573    0.8069
     574    0.8085
     575    0.8130
     576    0.7768
     577    0.7757
     578    0.8125
     579    0.8005
     580    0.7468
     581    0.8434
     582    0.8484
     583    0.7904
     584    0.7627
     585    0.8892
     586    0.7672
     587    0.7195
     588    0.8508
     589    0.7507
     590    0.8006
     591    0.9247
     592    0.9764
     593    0.9106
     594    0.9063
     595    0.9558
     596    0.9796
     597    0.9374
     598    0.9977
     599    0.8502
     600    0.8698
     601    0.9072
     602    0.9005
     603    1.0770
     604    1.1744
     605    1.3496
     606    1.2940
     607    1.2460
     608    1.2079
     609    1.1937
     610    1.3012
     611    1.2456
     612    1.1067
     613    1.1310
     614    0.9070
     615    0.8953
     616    0.9285
     617    0.9975
     618    0.9467
     619    1.0041
     620    0.8965
     621    0.9962
     622    0.8941
     623    0.8593
     624    0.9103
     625    0.7995
     626    0.7925
     627    0.8587
     628    0.9106
     629    0.9077
     630    0.8740
     631    0.9219
     632    0.8337
     633    0.6840
     634    0.7995
     635    0.8513
     636    0.7779
     637    0.7580
     638    0.8207
     639    0.9099
     640    0.8679
     641    0.8139
     642    0.7947
     643    0.8635
     644    0.8778
     645    0.8081
     646    0.8808
     647    0.9911
     648    0.9489
     649    0.9308
     650    0.9445
     651    0.9735
     652    0.8891
     653    0.8272
     654    0.7958
     655    0.9073
     656    0.9621
     657    0.8659
     658    0.8482
     659    0.8848
     660    0.9737
     661    1.1822
     662    1.2455
     663    1.1285
     664    1.0435
     665    0.9773
     666    1.0372
     667    0.8752
     668    0.8998
     669    0.8561
     670    0.8406
     671    0.8702
     672    0.7883
     673    0.8111
     674    0.7892
     675    0.7996
     676    0.8259
     677    0.7938
     678    0.8027
     679    0.8410
     680    0.7796
     681    0.8653
     682    0.8442
     683    0.8401
     684    0.9488
     685    0.8556
     686    0.9041
     687    0.9614
     688    0.9051
     689    0.9042
     690    0.8886
     691    0.8224
     692    0.7903
     693    0.8800
     694    0.8053
     695    0.8836
     696    0.8302
     697    0.8291
     698    0.8107
     699    0.8051
     700    0.7775
     701    0.7535
     702    0.7784
     703    0.7734
     704    0.7002
     705    0.7104
     706    0.7006
     707    0.8131
     708    0.8647
     709    0.9035
     710    0.8522
     711    0.8258
     712    0.7806
     713    0.7577
     714    0.7895
     715    0.8352
     716    0.8124
     717    0.8035
     718    0.7933
     719    0.7912
     720    0.8826
     721    0.8767
     722    0.9406
     723    0.9222
     724    0.9059
     725    0.8708
     726    0.8781
     727    0.8214
     728    0.7720
     729    0.9003
     730    0.9963
     731    0.9378
     732    0.8598
     733    0.8448
     734    0.8295
     735    0.8774
     736    0.8543
     737    0.8320
     738    0.9042
     739    0.8595
     740    0.8707
     741    0.8549
     742    0.8669
     743    0.7702
     744    0.8334
     745    0.7112
     746    0.8824
     747    0.8421
     748    0.7234
     749    0.7139
     750    0.8119
     751    0.7395
     752    0.7785
     753    0.8187
     754    0.8944
     755    0.9219
     756    0.8116
     757    0.7885
     758    0.9840
     759    0.9869
     760    1.0022
     761    0.9928
     762    1.2361
     763    1.1784
     764    1.1680
     765    0.9827
     766    0.9604
     767    0.7907
     768    0.9026
     769    0.8929
     770    0.9072
     771    1.0244
     772    0.9806
     773    0.9223
     774    0.9474
     775    0.8395
     776    0.8725
     777    0.8932
     778    0.8450
     779    0.8454
     780    0.8962
     781    0.9409
     782    1.0022
     783    1.0485
     784    0.9686
     785    0.9472
     786    0.9073
     787    0.9535
     788    0.9656
     789    0.8360
     790    0.8234
     791    0.8338
     792    0.8547
     793    0.9983
     794    0.9557
     795    0.9368
     796    1.0392
     797    1.0028
     798    0.9089
     799    0.8354
     800    0.9682
     801    0.9687
     802    1.0329
     803    1.0515
     804    1.0220
     805    1.1197
     806    1.1232
     807    1.0508
     808    1.0571
     809    1.1106
     810    1.1013
     811    1.1860
     812    1.0262
     813    1.0033
     814    1.0577
     815    0.9174
     816    0.9439
     817    0.9292
     818    1.0384
     819    1.1043
     820    1.1418
     821    1.1371
     822    1.2204
     823    1.0950
     824    1.1153
     825    1.0879
     826    1.1153
     827    1.2286
     828    1.1677
     829    0.9679
     830    0.9854
     831    1.0563
     832    1.0937
     833    1.0151
     834    0.9395
     835    1.0037
     836    0.9117
     837    0.9036
     838    0.8834
     839    0.8802
     840    1.0282
     841    0.9685
     842    0.9072
     843    1.0987
     844    1.1883
     845    1.0605
     846    1.0080
     847    0.9943
     848    1.0307
     849    1.0808
     850    1.1842
     851    1.0651
     852    1.0475
     853    1.1429
     854    1.0789
     855    1.0503
     856    1.0868
     857    1.1570
     858    1.1316
     859    1.0466
     860    1.0135
     861    0.9637
     862    0.9256
     863    0.9226
     864    0.9310
     865    1.0450
     866    1.1736
     867    1.1439
     868    1.1507
     869    1.1648
     870    1.1548
     871    1.1453
     872    1.1414
     873    0.9803
     874    1.0773
     875    0.9748
     876    1.0012
     877    0.9331
     878    1.0422
     879    0.9817
     880    1.1000
     881    0.9555
     882    0.8960
     883    0.9632
     884    1.0026
     885    1.0347
     886    1.0897
     887    1.0838
     888    1.0221
     889    1.1517
     890    1.1503
     891    1.1238
     892    1.1094
     893    1.1946
     894    1.0363
     895    1.1275
     896    1.0560
     897    1.2050
     898    1.3913
     899    1.3459
     900    1.2850
     901    1.0797
     902    1.0482
     903    1.1257
     904    0.9501
     905    0.9517
     906    0.8783
     907    0.9781
     908    0.9046
     909    1.0174
     910    1.0027
     911    0.9692
     912    1.1294
     913    1.0697
     914    1.0717
     915    1.1056
     916    1.0008
     917    0.9893
     918    0.9386
     919    0.9945
     920    0.9329
     921    0.9918
     922    0.9907
     923    0.9178
     924    0.9606
     925    0.8477
     926    0.8585
     927    0.8856
     928    0.9852
     929    1.0904
     930    1.0180
     931    1.0502
     932    1.0064
     933    1.0174
     934    1.1163
     935    1.2213
     936    1.0922
     937    1.1767
     938    1.2742
     939    1.3089
     940    1.2345
     941    1.1664
     942    1.2304
     943    1.1396
     944    1.0323
     945    0.9983
     946    1.0162
     947    1.1477
     948    1.1262
     949    1.0246
     950    1.1569
     951    1.0892
     952    0.9634
     953    0.9599
     954    1.0191
     955    1.0421
     956    1.1518
     957    0.9985
     958    1.0725
     959    1.0357
     960    0.9469
     961    0.9287
     962    0.9784
     963    0.9670
     964    1.0224
     965    0.9290
     966    0.9809
     967    0.9114
     968    1.0346
     969    1.0562
     970    1.0527
     971    1.0866
     972    1.0998
     973    1.0305
     974    0.9905
     975    0.9599
     976    1.1158
     977    1.0614
     978    1.0254
     979    0.9502
     980    0.9799
     981    1.0060
     982    0.9450
     983    0.8827
     984    0.9452
     985    0.9032
     986    0.8795
     987    0.9922
     988    1.1319
     989    1.1281
     990    1.1368
     991    1.1252
     992    1.2280
     993    1.1294
     994    1.3176
     995    1.1656
     996    1.3483
     997    1.1906
     998    0.9877
     999    1.1175
