       1    1.4132
       2    1.3377
       3    1.3234
       4    1.1513
       5    1.1067
       6    1.0953
       7    0.9741
       8    1.0084
       9    1.0616
      10    1.0536
      11    1.1040
      12    1.0978
      13    1.1016
      14    1.0585
      15    1.1188
      16    1.0717
      17    1.2193
      18    1.2943
      19    1.3325
      20    1.4086
      21    1.4420
      22    1.4132
      23    1.3210
      24    1.3225
      25    1.2204
      26    1.1421
      27    1.1606
      28    1.0209
      29    0.9787
      30    1.1081
      31    1.1787
      32    1.1975
      33    1.2922
      34    1.3697
      35    1.2908
      36    1.2461
      37    1.2585
      38    1.2420
      39    1.2770
      40    1.2633
      41    1.2974
      42    1.2840
      43    1.3816
      44    1.2535
      45    1.1435
      46    1.2090
      47    1.2393
      48    1.1731
      49    1.1153
      50    1.0285
      51    0.9772
      52    1.0458
      53    1.0538
      54    0.9244
      55    0.9670
      56    0.9896
      57    1.0850
      58    1.2518
      59    1.2609
      60    1.3327
      61    1.2059
      62    1.2968
      63    1.3023
      64    1.1252
      65    1.0599
      66    0.9537
      67    1.0027
      68    0.9302
      69    1.1278
      70    1.1871
      71    1.1831
      72    1.2307
      73    1.1362
      74    1.0549
      75    1.1212
      76    1.2601
      77    1.3111
      78    1.0813
      79    1.0873
      80    0.9744
      81    0.9341
      82    1.1089
      83    1.0341
      84    1.0703
      85    1.0802
      86    1.0360
      87    1.0493
      88    1.1180
      89    1.2685
      90    1.2983
      91    1.4418
      92    1.4246
      93    1.4280
      94    1.3677
      95    1.3392
      96    1.3544
      97    1.4655
      98    1.4980
      99    1.5304
     100    1.3695
     101    1.3986
     102    1.3904
     103    1.3362
     104    1.4358
     105    1.4648
     106    1.3956
     107    1.3381
     108    1.4022
     109    1.5400
     110    1.4691
     111    1.4286
     112    1.4364
     113    1.2301
     114    1.4517
     115    1.4254
     116    1.3941
     117    1.3767
     118    1.4665
     119    1.3169
     120    1.2731
     121    1.1547
     122    1.1671
     123    1.2710
     124    1.2331
     125    1.3340
     126    1.2714
     127    1.3283
     128    1.2311
     129    1.3586
     130    1.2181
     131    1.2056
     132    1.2288
     133    1.1184
     134    1.2156
     135    1.4068
     136    1.4093
     137    1.3064
     138    1.4082
     139    1.4053
     140    1.2443
     141    1.3908
     142    1.2846
     143    1.3443
     144    1.4207
     145    1.4120
     146    1.3518
     147    1.3441
     148    1.4976
     149    1.5447
     150    1.6682
     151    1.5769
     152    1.6379
     153    1.5652
     154    1.4547
     155    1.4236
     156    1.4408
     157    1.3931
     158    1.3990
     159    1.3180
     160    1.3089
     161    1.3283
     162    1.4187
     163    1.4133
     164    1.2677
     165    1.1620
     166    1.1186
     167    1.2202
     168    1.2183
     169    1.3400
     170    1.2896
     171    1.1861
     172    1.2001
     173    1.2688
     174    1.2459
     175    1.2102
     176    1.2378
     177    1.2176
     178    1.1983
     179    1.1736
     180    1.3257
     181    1.3770
     182    1.3861
     183    1.4335
     184    1.4278
     185    1.2581
     186    1.1972
     187    1.2134
     188    1.1496
     189    1.2756
     190    1.2518
     191    1.2618
     192    1.1631
     193    1.2187
     194    1.2282
     195    1.1169
     196    1.0544
     197    0.9901
     198    1.0045
     199    1.0082
     200    0.9417
     201    0.9231
     202    1.0120
     203    1.0109
     204    1.0325
     205    1.1395
     206    1.0863
     207    1.0674
     208    1.1305
     209    1.0924
     210    1.0730
     211    1.0458
     212    1.0713
     213    1.0338
     214    1.1580
     215    1.1940
     216    1.1819
     217    1.2782
     218    1.3767
     219    1.4355
     220    1.3035
     221    1.2674
     222    1.3661
     223    1.4147
     224    1.3811
     225    1.3014
     226    1.3964
     227    1.4733
     228    1.4245
     229    1.2663
     230    1.3144
     231    1.4189
     232    1.4286
     233    1.3440
     234    1.4242
     235    1.3658
     236    1.2951
     237    1.4153
     238    1.2662
     239    1.4009
     240    1.3805
     241    1.3754
     242    1.3032
     243    1.2625
     244    1.2417
     245    1.1330
     246    1.1019
     247    1.1448
     248    1.2008
     249    1.2325
     250    1.1642
     251    1.0535
     252    1.1093
     253    1.2920
     254    1.2484
     255    1.1494
     256    1.1978
     257    1.1451
     258    1.0742
     259    1.1091
     260    1.1634
     261    1.0469
     262    1.0934
     263    1.1482
     264    1.3948
     265    1.2645
     266    1.3710
     267    1.3102
     268    1.1733
     269    1.1149
     270    1.2696
     271    1.2606
     272    1.1777
     273    1.2666
     274    1.2852
     275    1.2052
     276    1.3136
     277    1.3065
     278    1.3900
     279    1.4138
     280    1.3496
     281    1.3331
     282    1.3726
     283    1.3988
     284    1.4270
     285    1.5091
     286    1.6504
     287    1.6566
     288    1.7392
     289    1.8066
     290    1.6836
     291    1.6880
     292    1.7441
     293    1.5798
     294    1.6565
     295    1.5435
     296    1.5029
     297    1.5346
     298    1.5287
     299    1.5011
     300    1.4333
     301    1.3934
     302    1.4105
     303    1.2058
     304    1.1196
     305    0.9930
     306    1.0451
     307    1.1111
     308    1.1041
     309    1.1148
     310    1.1367
     311    1.1446
     312    1.1517
     313    1.2053
     314    1.2908
     315    1.2651
     316    1.3087
     317    1.3595
     318    1.4064
     319    1.3288
     320    1.3509
     321    1.3682
     322    1.3814
     323    1.4810
     324    1.4425
     325    1.7020
     326    1.7089
     327    1.6138
     328    1.6041
     329    1.6154
     330    1.6887
     331    1.5251
     332    1.5693
     333    1.4634
     334    1.6166
     335    1.5705
     336    1.6336
     337    1.5407
     338    1.4750
     339    1.4922
     340    1.5542
     341    1.5509
     342    1.3853
     343    1.4357
     344    1.4191
     345    1.3981
     346    1.4530
     347    1.4468
     348    1.5510
     349    1.5672
     350    1.6519
     351    1.7023
     352    1.7972
     353    1.6569
     354    1.7584
     355    1.8261
     356    1.8202
     357    1.7372
     358    1.8261
     359    1.7388
     360    1.7880
     361    1.7108
     362    1.7674
     363    1.7056
     364    1.6446
     365    1.6546
     366    1.5412
     367    1.6073
     368    1.6970
     369    1.7188
     370    1.7994
     371    1.8351
     372    1.8285
     373    1.8210
     374    1.7895
     375    1.7130
     376    1.6006
     377    1.5198
     378    1.5084
     379    1.4866
     380    1.3402
     381    1.3114
     382    1.3091
     383    1.1584
     384    1.2188
     385    1.2997
     386    1.2823
     387    1.2197
     388    1.1105
     389    1.1470
     390    1.1151
     391    1.1119
     392    1.1038
     393    1.2091
     394    1.2407
     395    1.3286
     396    1.2112
     397    1.1733
     398    1.0471
     399    1.0891
     400    1.3338
     401    1.3802
     402    1.4491
     403    1.1788
     404    1.2531
     405    1.3670
     406    1.4350
     407    1.4048
     408    1.4697
     409    1.3866
     410    1.4561
     411    1.3423
     412    1.2042
     413    1.0669
     414    1.0938
     415    1.1332
     416    1.1305
     417    1.2058
     418    1.2157
     419    1.1795
     420    1.2222
     421    1.2066
     422    1.1986
     423    1.0834
     424    1.0791
     425    1.0791
     426    1.0725
     427    0.9896
     428    1.0940
     429    1.2285
     430    1.2239
     431    1.1765
     432    1.1348
     433    1.1090
     434    1.0783
     435    1.1322
     436    1.1855
     437    1.2654
     438    1.2398
     439    1.3536
     440    1.4504
     441    1.3998
     442    1.2511
     443    1.2250
     444    1.1373
     445    1.1238
     446    1.2781
     447    1.2917
     448    1.1684
     449    1.1121
     450    1.2162
     451    1.1706
     452    1.2923
     453    1.2265
     454    1.2368
     455    1.3285
     456    1.2749
     457    1.2473
     458    1.1951
     459    1.1841
     460    1.2403
     461    1.2650
     462    1.0094
     463    1.1814
     464    1.1878
     465    1.0562
     466    1.1086
     467    1.0312
     468    1.0905
     469    1.1811
     470    1.1726
     471    1.2794
     472    1.3430
     473    1.1918
     474    1.2997
     475    1.2103
     476    1.2242
     477    1.3047
     478    1.2475
     479    1.4031
     480    1.3362
     481    1.3235
     482    1.2293
     483    1.2968
     484    1.3307
     485    1.3971
     486    1.4446
     487    1.6060
     488    1.5940
     489    1.3714
     490    1.2521
     491    1.2731
     492    1.4816
     493    1.2583
     494    1.3523
     495    1.2486
     496    1.4641
     497    1.5936
     498    1.5631
     499    1.6105
     500    1.4454
     501    1.5280
     502    1.4683
     503    1.4645
     504    1.5155
     505    1.5663
     506    1.5972
     507    1.6508
     508    1.4739
     509    1.3687
     510    1.4581
     511    1.5148
     512    1.5803
     513    1.5169
     514    1.5257
     515    1.6027
     516    1.5926
     517    1.6147
     518    1.5128
     519    1.4799
     520    1.5147
     521    1.4354
     522    1.5218
     523    1.5638
     524    1.6925
     525    1.8228
     526    1.8907
     527    1.8689
     528    1.8606
     529    1.8652
     530    1.7773
     531    1.7842
     532    1.7288
     533    1.8914
     534    1.8649
     535    1.7561
     536    1.9767
     537    1.9519
     538    2.0306
     539    2.1143
     540    2.2171
     541    1.9882
     542    1.8739
     543    1.9498
     544    1.9145
     545    1.9698
     546    1.9773
     547    2.0264
     548    1.9874
     549    2.0159
     550    1.9592
     551    1.8263
     552    1.8765
     553    1.7830
     554    1.7297
     555    1.8169
     556    1.7976
     557    1.6997
     558    1.5715
     559    1.6715
     560    1.6435
     561    1.7236
     562    1.6432
     563    1.5390
     564    1.5801
     565    1.6817
     566    1.6692
     567    1.7459
     568    1.7332
     569    1.7982
     570    1.8342
     571    1.7941
     572    1.7960
     573    1.8317
     574    1.8172
     575    1.8094
     576    1.7659
     577    1.7525
     578    1.8179
     579    1.8401
     580    1.8280
     581    1.9392
     582    1.9587
     583    1.9680
     584    2.1108
     585    1.8707
     586    1.8354
     587    1.7626
     588    1.7869
     589    1.6997
     590    1.6107
     591    1.4852
     592    1.6131
     593    1.5541
     594    1.6212
     595    1.5403
     596    1.4250
     597    1.5182
     598    1.5197
     599    1.7130
     600    1.6455
     601    1.7676
     602    1.7133
     603    1.6264
     604    1.5701
     605    1.6334
     606    1.5698
     607    1.5628
     608    1.4950
     609    1.5968
     610    1.5996
     611    1.5626
     612    1.5479
     613    1.6239
     614    1.6676
     615    1.5373
     616    1.6627
     617    1.7277
     618    1.5755
     619    1.5697
     620    1.5227
     621    1.4700
     622    1.4909
     623    1.5635
     624    1.5850
     625    1.6325
     626    1.5977
     627    1.6123
     628    1.7010
     629    1.8986
     630    1.9326
     631    1.7592
     632    1.7938
     633    1.7426
     634    1.7861
     635    1.7715
     636    1.6554
     637    1.6588
     638    1.6413
     639    1.6946
     640    1.6681
     641    1.6636
     642    1.5072
     643    1.6198
     644    1.5579
     645    1.6629
     646    1.6895
     647    1.6065
     648    1.6234
     649    1.5180
     650    1.5949
     651    1.5217
     652    1.5163
     653    1.5585
     654    1.5481
     655    1.6336
     656    1.6354
     657    1.6321
     658    1.6142
     659    1.5649
     660    1.6292
     661    1.6255
     662    1.5899
     663    1.6502
     664    1.5709
     665    1.7103
     666    1.6188
     667    1.5472
     668    1.8596
     669    1.7757
     670    1.8176
     671    1.8818
     672    1.7352
     673    1.8506
     674    1.8969
     675    1.9959
     676    1.9869
     677    2.0716
     678    2.0529
     679    2.0231
     680    2.0978
     681    1.8952
     682    1.8365
     683    1.7784
     684    1.6461
     685    1.5824
     686    1.5661
     687    1.6594
     688    1.5608
     689    1.5599
     690    1.6428
     691    1.6490
     692    1.6656
     693    1.6519
     694    1.7685
     695    1.8399
     696    1.7742
     697    1.6696
     698    1.5431
     699    1.4766
     700    1.5643
     701    1.6651
     702    1.7384
     703    1.6840
     704    1.7598
     705    1.7134
     706    1.7025
     707    1.6856
     708    1.7437
     709    1.7749
     710    1.6376
     711    1.6896
     712    1.7910
     713    1.6516
     714    1.4779
     715    1.6117
     716    1.5623
     717    1.4902
     718    1.5513
     719    1.5733
     720    1.6533
     721    1.5965
     722    1.5908
     723    1.7096
     724    1.7121
     725    1.5572
     726    1.5135
     727    1.4522
     728    1.5272
     729    1.7070
     730    1.6571
     731    1.6368
     732    1.5293
     733    1.4412
     734    1.4168
     735    1.4442
     736    1.5149
     737    1.6822
     738    1.6971
     739    1.6078
     740    1.5315
     741    1.5033
     742    1.4600
     743    1.4833
     744    1.5741
     745    1.6662
     746    1.6725
     747    1.5201
     748    1.6093
     749    1.6134
     750    1.6580
     751    1.6580
     752    1.6455
     753    1.6284
     754    1.5880
     755    1.7028
     756    1.7305
     757    1.7734
     758    1.7805
     759    1.6945
     760    1.6809
     761    1.6525
     762    1.6379
     763    1.7303
     764    1.5867
     765    1.6224
     766    1.5340
     767    1.6281
     768    1.6291
     769    1.7393
     770    1.7031
     771    1.6476
     772    1.4926
     773    1.5600
     774    1.5712
     775    1.5108
     776    1.4877
     777    1.4194
     778    1.4131
     779    1.4727
     780    1.4772
     781    1.6145
     782    1.4815
     783    1.5372
     784    1.5016
     785    1.3677
     786    1.4361
     787    1.4371
     788    1.4848
     789    1.3489
     790    1.3901
     791    1.3866
     792    1.2722
     793    1.3000
     794    1.2580
     795    1.1964
     796    1.2654
     797    1.3562
     798    1.3029
     799    1.3103
     800    1.3676
     801    1.4382
     802    1.2898
     803    1.3162
     804    1.3655
     805    1.5402
     806    1.5918
     807    1.4994
     808    1.4090
     809    1.4311
     810    1.3738
     811    1.5051
     812    1.4625
     813    1.4842
     814    1.5288
     815    1.4951
     816    1.6355
     817    1.5986
     818    1.5331
     819    1.4015
     820    1.4706
     821    1.5905
     822    1.6358
     823    1.6457
     824    1.7658
     825    1.8550
     826    1.8376
     827    1.7200
     828    1.7339
     829    1.7911
     830    1.7163
     831    1.6667
     832    1.5877
     833    1.5171
     834    1.4834
     835    1.4841
     836    1.4438
     837    1.5556
     838    1.4563
     839    1.3831
     840    1.3373
     841    1.4057
     842    1.4302
     843    1.3895
     844    1.4898
     845    1.4368
     846    1.4446
     847    1.4120
     848    1.3856
     849    1.4834
     850    1.4482
     851    1.5761
     852    1.5445
     853    1.5605
     854    1.5771
     855    1.6308
     856    1.4917
     857    1.4860
     858    1.3987
     859    1.3614
     860    1.2503
     861    1.3097
     862    1.3901
     863    1.3615
     864    1.3171
     865    1.3965
     866    1.5394
     867    1.5492
     868    1.4148
     869    1.5371
     870    1.5685
     871    1.5361
     872    1.6609
     873    1.6485
     874    1.5473
     875    1.3946
     876    1.4648
     877    1.5061
     878    1.5432
     879    1.5353
     880    1.5779
     881    1.6123
     882    1.6067
     883    1.5240
     884    1.5209
     885    1.6067
     886    1.5284
     887    1.5712
     888    1.5081
     889    1.4997
     890    1.4514
     891    1.5325
     892    1.5875
     893    1.6228
     894    1.6492
     895    1.5295
     896    1.5231
     897    1.4784
     898    1.4840
     899    1.4522
     900    1.5097
     901    1.4435
     902    1.4607
     903    1.4816
     904    1.5653
     905    1.4966
     906    1.4879
     907    1.5567
     908    1.4693
     909    1.6941
     910    1.6566
     911    1.7106
     912    1.6922
     913    1.6877
     914    1.6137
     915    1.6037
     916    1.4796
     917    1.4622
     918    1.4878
     919    1.5802
     920    1.4113
     921    1.3433
     922    1.4003
     923    1.4201
     924    1.4677
     925    1.5144
     926    1.5973
     927    1.6252
     928    1.5282
     929    1.5669
     930    1.6258
     931    1.6127
     932    1.6565
     933    1.6548
     934    1.5769
     935    1.6005
     936    1.4672
     937    1.5180
     938    1.3850
     939    1.4336
     940    1.4567
     941    1.7005
     942    1.7241
     943    1.6612
     944    1.6926
     945    1.7235
     946    1.7395
     947    1.7103
     948    1.6969
     949    1.6897
     950    1.6011
     951    1.5805
     952    1.6770
     953    1.7271
     954    1.7694
     955    1.6069
     956    1.5577
     957    1.5115
     958    1.5600
     959    1.5892
     960    1.5759
     961    1.7323
     962    1.6529
     963    1.6198
     964    1.6868
     965    1.7381
     966    1.7632
     967    1.6160
     968    1.5639
     969    1.4555
     970    1.5353
     971    1.4906
     972    1.5976
     973    1.6316
     974    1.7287
     975    1.8416
     976    1.7383
     977    1.8150
     978    1.8643
     979    1.8664
     980    1.7711
     981    1.7563
     982    1.7860
     983    1.7526
     984    1.7141
     985    1.6979
     986    1.7740
     987    1.7321
     988    1.7237
     989    1.7959
     990    1.7120
     991    1.8308
     992    1.6830
     993    1.6662
     994    1.7001
     995    1.8643
     996    1.7235
     997    1.7518
     998    1.7532
     999    1.6652
    1000    1.7299
    1001    1.7401
    1002    1.5859
    1003    1.5183
    1004    1.5620
    1005    1.5468
    1006    1.6202
    1007    1.7060
    1008    1.7133
    1009    1.6596
    1010    1.7240
    1011    1.7358
    1012    1.7070
    1013    1.6305
    1014    1.7078
    1015    1.5680
    1016    1.5614
    1017    1.6428
    1018    1.6614
    1019    1.6044
    1020    1.6626
    1021    1.6994
    1022    1.6544
    1023    1.6763
    1024    1.6902
    1025    1.5594
    1026    1.5330
    1027    1.5673
    1028    1.5819
    1029    1.5580
    1030    1.6339
    1031    1.5609
    1032    1.5767
    1033    1.5655
    1034    1.4157
    1035    1.5390
    1036    1.4630
    1037    1.3970
    1038    1.4187
    1039    1.4424
    1040    1.6794
    1041    1.6129
    1042    1.6789
    1043    1.6887
    1044    1.7693
    1045    1.6387
    1046    1.6257
    1047    1.5491
    1048    1.6168
    1049    1.6739
    1050    1.6631
    1051    1.6309
    1052    1.7440
    1053    1.7793
    1054    1.8463
    1055    1.8438
    1056    1.8604
    1057    1.8091
    1058    1.8548
    1059    1.8777
    1060    1.8748
    1061    1.8074
    1062    1.7768
    1063    1.8562
    1064    1.8585
    1065    1.8408
    1066    1.7875
    1067    1.8948
    1068    1.7845
    1069    1.8608
    1070    1.8368
    1071    1.7545
    1072    1.6985
    1073    1.6719
    1074    1.7266
    1075    1.7043
    1076    1.8176
    1077    1.7480
    1078    1.7328
    1079    1.6457
    1080    1.6343
    1081    1.6709
    1082    1.6423
    1083    1.7096
    1084    1.7220
    1085    1.6277
    1086    1.6088
    1087    1.6573
    1088    1.6808
    1089    1.5576
    1090    1.6133
    1091    1.6372
    1092    1.7289
    1093    1.6853
    1094    1.7786
    1095    1.5979
    1096    1.7541
    1097    1.7435
    1098    1.8882
    1099    1.8257
    1100    1.7997
    1101    1.7196
    1102    1.7798
    1103    1.7087
    1104    1.7953
    1105    1.7108
    1106    1.7516
    1107    1.6947
    1108    1.8208
    1109    1.7362
    1110    1.7829
    1111    1.7408
    1112    1.6901
    1113    1.6871
    1114    1.6190
    1115    1.6499
    1116    1.7430
    1117    1.7373
    1118    1.6808
    1119    1.8388
    1120    1.8611
    1121    1.9795
    1122    1.9129
    1123    1.9373
    1124    2.0035
    1125    1.8536
    1126    1.8617
    1127    1.8805
    1128    1.9692
    1129    1.8330
    1130    1.9115
    1131    1.9978
    1132    2.0149
    1133    1.9825
    1134    2.0280
    1135    1.9560
    1136    1.9277
    1137    1.9315
    1138    1.9052
    1139    1.7907
    1140    1.7860
    1141    1.6942
    1142    1.7062
    1143    1.7408
    1144    1.8328
    1145    1.8003
    1146    1.8258
    1147    1.8899
    1148    1.9418
    1149    1.8263
    1150    1.8528
    1151    1.7962
    1152    1.9273
    1153    1.8178
    1154    1.8202
    1155    1.8791
    1156    1.9289
    1157    1.8977
    1158    1.9244
    1159    1.9339
    1160    1.8454
    1161    1.9359
    1162    1.7875
    1163    1.8445
    1164    1.7181
    1165    1.6827
    1166    1.7971
    1167    1.6746
    1168    1.6433
    1169    1.5509
    1170    1.5471
    1171    1.3852
    1172    1.2590
    1173    1.2997
    1174    1.2591
    1175    1.3810
    1176    1.4580
    1177    1.4701
    1178    1.5351
    1179    1.5669
    1180    1.4998
    1181    1.5563
    1182    1.4804
    1183    1.4137
    1184    1.5107
    1185    1.4211
    1186    1.2989
    1187    1.3002
    1188    1.3238
    1189    1.4054
    1190    1.4637
    1191    1.3630
    1192    1.3091
    1193    1.2963
    1194    1.2508
    1195    1.2173
    1196    1.2679
    1197    1.1555
    1198    1.2230
    1199    1.0786
    1200    1.0616
    1201    1.1301
    1202    1.1282
    1203    1.1571
    1204    1.3072
    1205    1.3949
    1206    1.3790
    1207    1.3834
    1208    1.2646
    1209    1.3338
    1210    1.4071
    1211    1.4927
    1212    1.4772
    1213    1.5178
    1214    1.3653
    1215    1.3129
    1216    1.3940
    1217    1.4394
    1218    1.5494
    1219    1.5184
    1220    1.3444
    1221    1.4367
    1222    1.4563
    1223    1.4972
    1224    1.4567
    1225    1.3514
    1226    1.5109
    1227    1.5262
    1228    1.4307
    1229    1.4650
    1230    1.5024
    1231    1.5012
    1232    1.4120
    1233    1.3041
    1234    1.4902
    1235    1.4448
    1236    1.4776
    1237    1.6067
    1238    1.5573
    1239    1.5532
    1240    1.5604
    1241    1.6345
    1242    1.5458
    1243    1.6484
    1244    1.7634
    1245    1.5540
    1246    1.4892
    1247    1.4414
    1248    1.5190
    1249    1.5584
    1250    1.4544
    1251    1.4157
    1252    1.4344
    1253    1.5068
    1254    1.4063
    1255    1.4067
    1256    1.2999
    1257    1.4887
    1258    1.3498
    1259    1.3128
    1260    1.3542
    1261    1.3973
    1262    1.3471
    1263    1.2890
    1264    1.3551
    1265    1.3131
    1266    1.2809
    1267    1.2633
    1268    1.3364
    1269    1.4174
    1270    1.3937
    1271    1.2746
    1272    1.0901
    1273    1.0192
    1274    1.1049
    1275    0.9983
    1276    1.1513
    1277    1.0867
    1278    1.1896
    1279    1.2291
    1280    1.2794
    1281    1.2044
    1282    1.1062
    1283    1.1908
    1284    1.3045
    1285    1.3629
    1286    1.3381
    1287    1.3616
    1288    1.4149
    1289    1.3924
    1290    1.4611
    1291    1.3899
    1292    1.4539
    1293    1.3040
    1294    1.4402
    1295    1.4990
    1296    1.4594
    1297    1.4360
    1298    1.3076
    1299    1.3691
    1300    1.4161
    1301    1.3898
    1302    1.4874
    1303    1.5976
    1304    1.6307
    1305    1.5430
    1306    1.5688
    1307    1.4448
    1308    1.4403
    1309    1.4091
    1310    1.5174
    1311    1.6104
    1312    1.7222
    1313    1.7798
    1314    1.7613
    1315    1.6913
    1316    1.6719
    1317    1.6145
    1318    1.6803
    1319    1.6358
    1320    1.7226
    1321    1.4931
    1322    1.4935
    1323    1.3595
    1324    1.4224
    1325    1.4066
    1326    1.3772
    1327    1.4290
    1328    1.5568
    1329    1.3458
    1330    1.3474
    1331    1.3162
    1332    1.5132
    1333    1.5280
    1334    1.5113
    1335    1.5753
    1336    1.6835
    1337    1.5928
    1338    1.7084
    1339    1.5462
    1340    1.4989
    1341    1.5027
    1342    1.5920
    1343    1.6861
    1344    1.5670
    1345    1.5631
    1346    1.6338
    1347    1.7769
    1348    1.8472
    1349    1.9455
    1350    1.7519
    1351    1.6963
    1352    1.8432
    1353    1.7170
    1354    1.6593
    1355    1.8505
    1356    1.9386
    1357    1.7170
    1358    1.7520
    1359    1.7053
    1360    1.7442
    1361    1.6148
    1362    1.6898
    1363    1.6169
    1364    1.5884
    1365    1.6123
    1366    1.5753
    1367    1.6511
    1368    1.6348
    1369    1.5153
    1370    1.4161
    1371    1.3811
    1372    1.3205
    1373    1.3679
    1374    1.4281
    1375    1.5419
    1376    1.3794
    1377    1.5218
    1378    1.3546
    1379    1.4592
    1380    1.4967
    1381    1.4142
    1382    1.3523
    1383    1.5641
    1384    1.5502
    1385    1.7063
    1386    1.4708
    1387    1.5076
    1388    1.3866
    1389    1.3929
    1390    1.4106
    1391    1.3178
    1392    1.4213
    1393    1.6451
    1394    1.4911
    1395    1.3978
    1396    1.4401
    1397    1.3688
    1398    1.4693
    1399    1.6321
    1400    1.5182
    1401    1.5309
    1402    1.6173
    1403    1.4770
    1404    1.4331
    1405    1.4802
    1406    1.4842
    1407    1.4877
    1408    1.5269
    1409    1.3678
    1410    1.3255
    1411    1.3668
    1412    1.2908
    1413    1.2329
    1414    1.2993
    1415    1.3608
    1416    1.3836
    1417    1.2460
    1418    1.3812
    1419    1.4084
    1420    1.4379
    1421    1.2494
    1422    1.3168
    1423    1.2827
    1424    1.2438
    1425    1.1129
    1426    1.1313
    1427    1.1336
    1428    1.3351
    1429    1.3693
    1430    1.1602
    1431    1.1565
    1432    1.1448
    1433    1.1259
    1434    1.2650
    1435    1.2648
    1436    1.2363
    1437    1.2578
    1438    1.1191
    1439    1.0969
    1440    0.9678
    1441    1.1232
    1442    1.1086
    1443    1.0709
    1444    1.0059
    1445    1.0614
    1446    1.0611
    1447    1.0542
    1448    1.0568
    1449    1.1271
    1450    1.1431
    1451    1.1561
    1452    1.0697
    1453    1.2126
    1454    1.1826
    1455    1.2237
    1456    1.1167
    1457    1.2386
    1458    1.2324
    1459    1.1498
    1460    1.1811
    1461    1.1778
    1462    1.2140
    1463    1.2943
    1464    1.2247
    1465    1.1199
    1466    1.1197
    1467    1.0721
    1468    1.2825
    1469    1.2105
    1470    1.1179
    1471    1.0599
    1472    1.1008
    1473    1.2183
    1474    1.1278
    1475    1.0161
    1476    1.0863
    1477    1.2169
    1478    1.1623
    1479    1.2851
    1480    1.2421
    1481    1.3829
    1482    1.3144
    1483    1.3196
    1484    1.1590
    1485    1.2211
    1486    1.0892
    1487    1.0285
    1488    1.1126
    1489    1.1343
    1490    1.0355
    1491    1.1147
    1492    1.1349
    1493    1.0349
    1494    1.0603
    1495    1.1613
    1496    1.1148
    1497    1.2863
    1498    1.2461
    1499    1.1671
    1500    1.2126
    1501    1.1487
    1502    1.1212
    1503    1.0019
    1504    0.9540
    1505    1.0779
    1506    0.9362
    1507    1.0460
    1508    1.0616
    1509    1.0137
    1510    1.1213
    1511    1.1723
    1512    1.1462
    1513    1.2846
    1514    1.1920
    1515    1.3501
    1516    1.2467
    1517    1.2683
    1518    1.1539
    1519    1.1117
    1520    1.2495
    1521    1.2069
    1522    1.2797
    1523    1.2274
    1524    1.1004
    1525    1.0925
    1526    1.1034
    1527    1.1604
    1528    1.1681
    1529    1.0571
    1530    1.0075
    1531    1.0834
    1532    1.0630
    1533    1.1393
    1534    1.1741
    1535    1.1884
    1536    1.2377
    1537    1.1849
    1538    1.1011
    1539    1.1773
    1540    1.3381
    1541    1.2232
    1542    1.1781
    1543    1.1881
    1544    1.1781
    1545    1.2232
    1546    1.0999
    1547    1.1992
    1548    1.2344
    1549    1.2768
    1550    1.2589
    1551    1.2191
    1552    1.1175
    1553    1.0948
    1554    1.1576
    1555    1.3033
    1556    1.2532
    1557    1.2867
    1558    1.1624
    1559    1.2331
    1560    1.2081
    1561    1.1887
    1562    1.3193
    1563    1.2833
    1564    1.2946
    1565    1.3582
    1566    1.4338
    1567    1.3609
    1568    1.2775
    1569    1.3131
    1570    1.2609
    1571    1.3981
    1572    1.2792
    1573    1.3057
    1574    1.3404
    1575    1.2818
    1576    1.3032
    1577    1.2557
    1578    1.2119
    1579    1.3003
    1580    1.3203
    1581    1.2702
    1582    1.1630
    1583    1.3145
    1584    1.2152
    1585    1.2319
    1586    1.2170
    1587    1.3016
    1588    1.0899
    1589    1.0703
    1590    1.1436
    1591    1.2071
    1592    1.3127
    1593    1.2411
    1594    1.2334
    1595    1.1971
    1596    1.2265
    1597    1.2677
    1598    1.2791
    1599    1.4351
    1600    1.2693
    1601    1.2924
    1602    1.3504
    1603    1.3954
    1604    1.3051
    1605    1.2849
    1606    1.2524
    1607    1.1361
    1608    1.1743
    1609    1.0988
    1610    1.1338
    1611    1.2477
    1612    1.1620
    1613    1.2397
    1614    1.3165
    1615    1.1402
    1616    1.1635
    1617    1.1627
    1618    1.2597
    1619    1.1986
    1620    1.1428
    1621    1.0161
    1622    1.1204
    1623    1.2356
    1624    1.3714
    1625    1.2307
    1626    1.2975
    1627    1.2851
    1628    1.1631
    1629    1.2236
    1630    1.2727
    1631    1.1996
    1632    1.1543
    1633    1.0433
    1634    1.1522
    1635    1.1418
    1636    1.1317
    1637    1.1425
    1638    1.2278
    1639    1.1671
    1640    1.1337
    1641    1.1999
    1642    1.1948
    1643    1.2027
    1644    1.2273
    1645    1.2069
    1646    1.1658
    1647    1.1154
    1648    1.2327
    1649    1.1504
    1650    1.2930
    1651    1.2541
    1652    1.0933
    1653    1.0810
    1654    1.0954
    1655    1.0514
    1656    1.1917
    1657    1.2333
    1658    1.2819
    1659    1.1438
    1660    1.1318
    1661    1.2067
    1662    1.3342
    1663    1.4568
    1664    1.4657
    1665    1.4136
    1666    1.3363
    1667    1.3293
    1668    1.3003
    1669    1.2123
    1670    1.2327
    1671    1.1073
    1672    1.0937
    1673    1.1524
    1674    1.1491
    1675    1.2699
    1676    1.2028
    1677    1.1895
    1678    1.1447
    1679    1.2348
    1680    1.2285
    1681    1.2173
    1682    1.2985
    1683    1.2582
    1684    1.3023
    1685    1.3288
    1686    1.2467
    1687    1.2577
    1688    1.2387
    1689    1.2401
    1690    1.2432
    1691    1.1575
    1692    1.2483
    1693    1.2755
    1694    1.1038
    1695    1.0609
    1696    1.1985
    1697    1.2409
    1698    1.2074
    1699    1.1989
    1700    1.0797
    1701    1.0966
    1702    1.0042
    1703    1.1396
    1704    1.1269
    1705    1.1037
    1706    1.1096
    1707    1.0574
    1708    1.1707
    1709    1.1763
    1710    1.1598
    1711    1.1635
    1712    1.2817
    1713    1.2191
    1714    1.1609
    1715    1.2743
    1716    1.3330
    1717    1.2814
    1718    1.2470
    1719    1.1907
    1720    1.0224
    1721    0.9390
    1722    1.0074
    1723    1.0862
    1724    1.0598
    1725    1.0930
    1726    1.0521
    1727    1.0559
    1728    1.0509
    1729    1.0758
    1730    1.1988
    1731    1.1588
    1732    1.1535
    1733    1.1779
    1734    1.1755
    1735    1.1665
    1736    1.0954
    1737    1.1330
    1738    1.1505
    1739    1.2009
    1740    1.2675
    1741    1.2721
    1742    1.3752
    1743    1.3410
    1744    1.3218
    1745    1.2260
    1746    1.2824
    1747    1.2941
    1748    1.2704
    1749    1.2695
    1750    1.2462
    1751    1.1613
    1752    1.2170
    1753    1.2313
    1754    1.2382
    1755    1.2356
    1756    1.2477
    1757    1.1889
    1758    1.2095
    1759    1.1536
    1760    1.1086
    1761    1.3045
    1762    1.2412
    1763    1.1791
    1764    1.1888
    1765    1.2091
    1766    1.1457
    1767    1.0631
    1768    1.1499
    1769    1.2738
    1770    1.3426
    1771    1.1569
    1772    1.1432
    1773    1.1758
    1774    1.1242
    1775    1.1222
    1776    1.1260
    1777    1.1456
    1778    1.2123
    1779    1.2302
    1780    1.2949
    1781    1.2120
    1782    1.3569
    1783    1.2592
    1784    1.3591
    1785    1.3910
    1786    1.3844
    1787    1.3121
    1788    1.2966
    1789    1.2597
    1790    1.3020
    1791    1.3483
    1792    1.4613
    1793    1.3844
    1794    1.3864
    1795    1.5046
    1796    1.6635
    1797    1.4279
    1798    1.3237
    1799    1.3164
    1800    1.3460
    1801    1.2495
    1802    1.3277
    1803    1.1219
    1804    1.1889
    1805    1.1758
    1806    1.1600
    1807    1.4121
    1808    1.2929
    1809    1.1291
    1810    1.2000
    1811    1.1389
    1812    1.1982
    1813    1.2032
    1814    1.1599
    1815    1.2581
    1816    1.3372
    1817    1.3567
    1818    1.1321
    1819    1.2248
    1820    1.2669
    1821    1.3818
    1822    1.3035
    1823    1.4310
    1824    1.3366
    1825    1.3261
    1826    1.3827
    1827    1.4125
    1828    1.2735
    1829    1.2713
    1830    1.3600
    1831    1.3631
    1832    1.4316
    1833    1.4700
    1834    1.4174
    1835    1.3040
    1836    1.3889
    1837    1.3896
    1838    1.4022
    1839    1.2722
    1840    1.2061
    1841    1.2468
    1842    1.3393
    1843    1.2664
    1844    1.4297
    1845    1.5110
    1846    1.3971
    1847    1.5060
    1848    1.5917
    1849    1.4162
    1850    1.3635
    1851    1.2284
    1852    1.1903
    1853    1.3111
    1854    1.2802
    1855    1.3778
    1856    1.3883
    1857    1.3289
    1858    1.1861
    1859    1.2761
    1860    1.3979
    1861    1.4058
    1862    1.5112
    1863    1.3959
    1864    1.3668
    1865    1.3282
    1866    1.2759
    1867    1.2915
    1868    1.3959
    1869    1.2569
    1870    1.2801
    1871    1.2761
    1872    1.3258
    1873    1.3382
    1874    1.5895
    1875    1.5621
    1876    1.4642
    1877    1.4434
    1878    1.3110
    1879    1.2758
    1880    1.3052
    1881    1.3830
    1882    1.2807
    1883    1.2754
    1884    1.4529
    1885    1.5334
    1886    1.4893
    1887    1.4455
    1888    1.4688
    1889    1.5476
    1890    1.5483
    1891    1.6699
    1892    1.5374
    1893    1.4058
    1894    1.2698
    1895    1.3483
    1896    1.3107
    1897    1.3697
    1898    1.3309
    1899    1.3803
    1900    1.4011
    1901    1.4618
    1902    1.3445
    1903    1.4583
    1904    1.4670
    1905    1.4106
    1906    1.3600
    1907    1.4000
    1908    1.4241
    1909    1.3329
    1910    1.3830
    1911    1.3632
    1912    1.3212
    1913    1.4473
    1914    1.3707
    1915    1.4126
    1916    1.3882
    1917    1.4480
    1918    1.3482
    1919    1.3529
    1920    1.2364
    1921    1.2700
    1922    1.0886
    1923    1.1487
    1924    1.2749
    1925    1.1870
    1926    1.0881
    1927    1.1164
    1928    1.0671
    1929    1.1726
    1930    1.1398
    1931    1.2532
    1932    1.3892
    1933    1.1460
    1934    1.1981
    1935    1.2210
    1936    1.2840
    1937    1.2741
    1938    1.4863
    1939    1.3364
    1940    1.3508
    1941    1.2782
    1942    1.2231
    1943    1.2132
    1944    1.2043
    1945    1.2220
    1946    1.1731
    1947    1.1788
    1948    1.1372
    1949    1.1331
    1950    1.0717
    1951    1.1805
    1952    1.2233
    1953    1.1364
    1954    1.1349
    1955    1.0870
    1956    1.1826
    1957    1.1830
    1958    1.2406
    1959    1.2892
    1960    1.1704
    1961    1.2440
    1962    1.2319
    1963    1.2428
    1964    1.3640
    1965    1.2657
    1966    1.2533
    1967    1.2067
    1968    1.1486
    1969    1.1835
    1970    1.2368
    1971    1.3328
    1972    1.2835
    1973    1.2506
    1974    1.3386
    1975    1.2314
    1976    1.1602
    1977    1.2515
    1978    1.1260
    1979    1.1414
    1980    1.1418
    1981    1.1111
    1982    1.1544
    1983    1.1223
    1984    1.1735
    1985    1.1544
    1986    1.0900
    1987    1.0400
    1988    1.1150
    1989    1.0712
    1990    1.0834
    1991    1.1293
    1992    1.0233
    1993    1.2219
    1994    1.1149
    1995    1.2508
    1996    1.1866
    1997    1.0991
    1998    1.1001
    1999    1.1976
    2000    1.2133
    2001    1.0946
    2002    1.2372
    2003    1.2331
    2004    1.2240
    2005    1.1981
    2006    1.1870
    2007    1.1517
    2008    1.1853
    2009    1.2932
    2010    1.1340
    2011    1.1822
    2012    1.1127
    2013    1.2030
    2014    1.1822
    2015    1.1817
    2016    1.2217
    2017    1.2564
    2018    1.2642
    2019    1.2644
    2020    1.1123
    2021    1.3240
    2022    1.3467
    2023    1.3485
    2024    1.3156
    2025    1.2956
    2026    1.2009
    2027    1.2142
    2028    1.1362
    2029    1.1749
    2030    1.0374
    2031    1.1883
    2032    1.2300
    2033    1.0886
    2034    1.1565
    2035    1.1817
    2036    1.3323
    2037    1.1983
    2038    1.0715
    2039    1.0723
    2040    0.9978
    2041    1.1905
    2042    1.1447
    2043    1.1471
    2044    1.1324
    2045    1.1327
    2046    1.2724
    2047    1.2527
    2048    1.2852
    2049    1.2508
    2050    1.1288
    2051    1.1472
    2052    1.1010
    2053    1.2502
    2054    1.2465
    2055    1.2249
    2056    1.2009
    2057    1.1793
    2058    1.0751
    2059    1.1594
    2060    1.2152
    2061    1.1683
    2062    1.2005
    2063    1.0611
    2064    1.0475
    2065    1.1182
    2066    1.1438
    2067    1.1923
    2068    1.1172
    2069    1.0906
    2070    1.0604
    2071    1.2007
    2072    1.1559
    2073    1.0656
    2074    1.1775
    2075    1.1474
    2076    1.0876
    2077    1.0551
    2078    1.0747
    2079    1.0375
    2080    1.0058
    2081    1.0726
    2082    1.1512
    2083    1.0705
    2084    1.1523
    2085    1.1656
    2086    1.1143
    2087    1.1376
    2088    1.1201
    2089    1.1396
    2090    1.2395
    2091    1.1407
    2092    1.1085
    2093    1.0684
    2094    1.1704
    2095    1.2380
    2096    1.0735
    2097    1.0903
    2098    1.2164
    2099    1.1145
    2100    1.0301
    2101    1.0230
    2102    1.0865
    2103    0.9880
    2104    1.1035
    2105    1.1519
    2106    1.1096
    2107    1.1469
    2108    1.1969
    2109    1.2157
    2110    1.2833
    2111    1.1731
    2112    1.1810
    2113    1.0786
    2114    1.1325
    2115    1.1830
    2116    1.3153
    2117    1.1961
    2118    1.2382
    2119    1.1344
    2120    1.1873
    2121    1.3175
    2122    1.3207
    2123    1.4537
    2124    1.4258
    2125    1.3771
    2126    1.3187
    2127    1.1944
    2128    1.2684
    2129    1.2999
    2130    1.3948
    2131    1.2928
    2132    1.2881
    2133    1.1518
    2134    1.3154
    2135    1.3527
    2136    1.2681
    2137    1.2128
    2138    1.2729
    2139    1.2907
    2140    1.2162
    2141    1.3376
    2142    1.2434
    2143    1.4436
    2144    1.3627
    2145    1.3669
    2146    1.1422
    2147    1.2490
    2148    1.3323
    2149    1.1726
    2150    1.1276
    2151    1.3581
    2152    1.4280
    2153    1.5670
    2154    1.4919
    2155    1.3003
    2156    1.2628
    2157    1.2472
    2158    1.2347
    2159    1.2781
    2160    1.2361
    2161    1.1286
    2162    1.2365
    2163    1.3091
    2164    1.4050
    2165    1.2815
    2166    1.2464
    2167    1.2379
    2168    1.2220
    2169    1.2976
    2170    1.2410
    2171    1.3845
    2172    1.3804
    2173    1.1797
    2174    1.1582
    2175    1.1092
    2176    1.1881
    2177    1.1615
    2178    1.3111
    2179    1.2756
    2180    1.2205
    2181    1.2645
    2182    1.1773
    2183    1.2305
    2184    1.2285
    2185    1.2729
    2186    1.2722
    2187    1.2319
    2188    1.2015
    2189    1.2177
    2190    1.1884
    2191    1.1347
    2192    1.1900
    2193    1.1718
    2194    1.2021
    2195    1.1161
    2196    1.1912
    2197    1.2676
    2198    1.2108
    2199    1.2354
    2200    1.2575
    2201    1.2066
    2202    1.1801
    2203    1.1894
    2204    1.2862
    2205    1.3073
    2206    1.1328
    2207    1.1609
    2208    1.0217
    2209    1.1496
    2210    1.1730
    2211    1.0818
    2212    1.1117
    2213    1.1971
    2214    1.2172
    2215    1.3250
    2216    1.3880
    2217    1.3711
    2218    1.3771
    2219    1.2683
    2220    1.1148
    2221    1.1740
    2222    1.1966
    2223    1.2013
    2224    1.1778
    2225    1.1915
    2226    1.2604
    2227    1.2291
    2228    1.2990
    2229    1.2018
    2230    1.2382
    2231    1.0694
    2232    1.1062
    2233    1.0526
    2234    1.1255
    2235    1.1588
    2236    1.2774
    2237    1.2830
    2238    1.2311
    2239    1.1947
    2240    1.2438
    2241    1.2313
    2242    1.2081
    2243    1.2268
    2244    1.2655
    2245    1.2645
    2246    1.3014
    2247    1.2359
    2248    1.2556
    2249    1.2590
    2250    1.2256
    2251    1.3003
    2252    1.3086
    2253    1.2542
    2254    1.2891
    2255    1.2320
    2256    1.2152
    2257    1.3058
    2258    1.2726
    2259    1.2999
    2260    1.3051
    2261    1.2257
    2262    1.1804
    2263    1.0729
    2264    1.1364
    2265    1.0505
    2266    1.1167
    2267    1.1334
    2268    1.0991
    2269    1.1047
    2270    1.1575
    2271    1.1212
    2272    1.1809
    2273    1.1460
    2274    1.1528
    2275    1.1530
    2276    0.9859
    2277    1.0570
    2278    1.0016
    2279    1.0785
    2280    1.0874
    2281    1.2091
    2282    1.2056
    2283    1.1989
    2284    1.1498
    2285    1.2132
    2286    1.2470
    2287    1.1713
    2288    1.1219
    2289    1.1025
    2290    1.0190
    2291    1.0714
    2292    0.9965
    2293    1.0342
    2294    1.1124
    2295    1.2017
    2296    1.2599
    2297    1.3609
    2298    1.2485
    2299    1.3389
    2300    1.2545
    2301    1.1871
    2302    1.1714
    2303    1.1981
    2304    1.2119
    2305    1.2158
    2306    1.1960
    2307    1.2416
    2308    1.1727
    2309    1.2372
    2310    1.2656
    2311    1.1496
    2312    1.0589
    2313    1.0391
    2314    1.0635
    2315    1.1020
    2316    1.1909
    2317    1.1465
    2318    1.0793
    2319    1.1823
    2320    1.1921
    2321    1.0720
    2322    1.2126
    2323    1.1240
    2324    1.1738
    2325    1.2148
    2326    1.0799
    2327    1.1351
    2328    1.0632
    2329    1.0972
    2330    1.0692
    2331    1.0914
    2332    1.1448
    2333    1.0435
    2334    1.0272
    2335    1.0484
    2336    1.1454
    2337    1.0970
    2338    1.0357
    2339    1.0062
    2340    1.0280
    2341    0.9830
    2342    1.0472
    2343    1.0283
    2344    1.0728
    2345    1.2271
    2346    1.1775
    2347    1.2223
    2348    1.1891
    2349    1.1743
    2350    1.1398
    2351    1.2244
    2352    1.2111
    2353    1.2214
    2354    1.2276
    2355    1.2217
    2356    1.2351
    2357    1.3642
    2358    1.2215
    2359    1.2634
    2360    1.2720
    2361    1.1931
    2362    1.2839
    2363    1.2115
    2364    1.1227
    2365    1.2366
    2366    1.2494
    2367    1.2537
    2368    1.1382
    2369    1.1464
    2370    1.1262
    2371    1.2332
    2372    1.2117
    2373    1.3037
    2374    1.2660
    2375    1.2683
    2376    1.1134
    2377    1.1411
    2378    1.1437
    2379    1.1743
    2380    1.1770
    2381    1.0866
    2382    1.1573
    2383    1.1437
    2384    1.2300
    2385    1.1902
    2386    1.2416
    2387    1.2736
    2388    1.2924
    2389    1.3718
    2390    1.2886
    2391    1.2094
    2392    1.1223
    2393    1.2953
    2394    1.1915
    2395    1.1743
    2396    1.1477
    2397    1.1915
    2398    1.1815
    2399    1.3338
    2400    1.5421
    2401    1.3166
    2402    1.2496
    2403    1.2386
    2404    1.1599
    2405    1.0290
    2406    1.1518
    2407    1.2394
    2408    1.3186
    2409    1.2892
    2410    1.0716
    2411    1.0755
    2412    1.1871
    2413    1.2309
    2414    1.3032
    2415    1.4696
    2416    1.5864
    2417    1.4034
    2418    1.3675
    2419    1.3190
    2420    1.2156
    2421    1.1664
    2422    1.1738
    2423    1.3371
    2424    1.1853
    2425    1.3399
    2426    1.2429
    2427    1.1264
    2428    1.1951
    2429    1.3197
    2430    1.2417
    2431    1.2819
    2432    1.5185
    2433    1.5309
    2434    1.4009
    2435    1.2346
    2436    1.2930
    2437    1.3613
    2438    1.3619
    2439    1.3789
    2440    1.4234
    2441    1.3356
    2442    1.3495
    2443    1.4217
    2444    1.3311
    2445    1.2583
    2446    1.2234
    2447    1.3981
    2448    1.3848
    2449    1.3869
    2450    1.3701
    2451    1.3977
    2452    1.5890
    2453    1.6201
    2454    1.4586
    2455    1.6567
    2456    1.7140
    2457    1.6752
    2458    1.5070
    2459    1.6608
    2460    1.3682
    2461    1.4581
    2462    1.4724
    2463    1.6674
    2464    1.6751
    2465    1.7462
    2466    1.7211
    2467    1.5375
    2468    1.5053
    2469    1.5442
    2470    1.6118
    2471    1.4332
    2472    1.2669
    2473    1.3499
    2474    1.4048
    2475    1.3290
    2476    1.2458
    2477    1.4218
    2478    1.4475
    2479    1.3984
    2480    1.3587
    2481    1.4431
    2482    1.4565
    2483    1.4443
    2484    1.4556
    2485    1.3400
    2486    1.2953
    2487    1.3248
    2488    1.1601
    2489    1.2192
    2490    1.3297
    2491    1.3000
    2492    1.2455
    2493    1.2131
    2494    1.2057
    2495    1.3214
    2496    1.2264
    2497    1.3086
    2498    1.2757
    2499    1.2790
    2500    1.2622
    2501    1.1908
    2502    1.2758
    2503    1.3506
    2504    1.1304
    2505    1.0461
    2506    1.1810
    2507    1.2220
    2508    1.3237
    2509    1.1559
    2510    1.0870
    2511    1.1020
    2512    1.0852
    2513    0.9957
    2514    1.0870
    2515    1.1533
    2516    1.1825
    2517    1.2416
    2518    1.2688
    2519    1.2374
    2520    1.1926
    2521    1.2481
    2522    1.1248
    2523    1.1986
    2524    1.1503
    2525    1.3357
    2526    1.1543
    2527    1.1482
    2528    1.2055
    2529    1.0416
    2530    1.1094
    2531    1.0902
    2532    1.1499
    2533    1.1595
    2534    1.1969
    2535    1.2360
    2536    1.2276
    2537    1.0375
    2538    1.1059
    2539    1.1659
    2540    1.3162
    2541    1.3046
    2542    1.3479
    2543    1.3363
    2544    1.4217
    2545    1.2626
    2546    1.2629
    2547    1.2546
    2548    1.2281
    2549    1.2409
    2550    1.1763
    2551    1.2113
    2552    1.2482
    2553    1.2706
    2554    1.2611
    2555    1.2480
    2556    1.2845
    2557    1.2492
    2558    1.2437
    2559    1.2805
    2560    1.2614
    2561    1.2157
    2562    1.1938
    2563    1.1950
    2564    1.1989
    2565    1.2773
    2566    1.2295
    2567    1.3890
    2568    1.3702
    2569    1.4254
    2570    1.1521
    2571    1.2554
    2572    1.2976
    2573    1.4193
    2574    1.2331
    2575    1.2495
    2576    1.2906
    2577    1.2954
    2578    1.3443
    2579    1.3275
    2580    1.3276
    2581    1.3246
    2582    1.3348
    2583    1.4291
    2584    1.3413
    2585    1.2908
    2586    1.2391
    2587    1.2948
    2588    1.3255
    2589    1.3177
    2590    1.2726
    2591    1.4053
    2592    1.4199
    2593    1.3680
    2594    1.3590
    2595    1.2885
    2596    1.1673
    2597    1.1579
    2598    1.1368
    2599    1.0513
    2600    1.1584
    2601    1.0957
    2602    1.0950
    2603    1.1260
    2604    1.1838
    2605    1.1684
    2606    1.1348
    2607    1.0801
    2608    1.2026
    2609    1.1867
    2610    1.0982
    2611    1.0922
    2612    1.1863
    2613    1.2611
    2614    1.2749
    2615    1.2581
    2616    1.3430
    2617    1.2450
    2618    1.3772
    2619    1.2743
    2620    1.1798
    2621    1.2042
    2622    1.2678
    2623    1.2034
    2624    1.2672
    2625    1.2656
    2626    1.2095
    2627    1.1634
    2628    1.1007
    2629    1.1405
    2630    1.1701
    2631    1.0957
    2632    1.1506
    2633    1.0717
    2634    1.0599
    2635    1.1062
    2636    1.1138
    2637    1.0284
    2638    1.0887
    2639    1.1120
    2640    1.0129
    2641    1.1162
    2642    1.1069
    2643    1.1624
    2644    1.0733
    2645    1.1389
    2646    1.0599
    2647    1.1220
    2648    1.1192
    2649    1.0971
    2650    1.2803
    2651    1.2336
    2652    1.1635
    2653    1.0209
    2654    1.1050
    2655    1.0790
    2656    1.1240
    2657    1.0487
    2658    0.9980
    2659    1.0856
    2660    1.1365
    2661    0.9681
    2662    0.9858
    2663    0.9974
    2664    1.0459
    2665    1.1938
    2666    1.1006
    2667    1.1178
    2668    1.1801
    2669    1.2275
    2670    1.2436
    2671    1.3061
    2672    1.2212
    2673    1.2956
    2674    1.3532
    2675    1.2787
    2676    1.2202
    2677    1.3175
    2678    1.3080
    2679    1.2872
    2680    1.2866
    2681    1.2530
    2682    1.0921
    2683    1.1242
    2684    1.1352
    2685    1.1140
    2686    1.0856
    2687    1.0655
    2688    1.1745
    2689    1.1421
    2690    1.1420
    2691    1.2981
    2692    1.3294
    2693    1.2548
    2694    1.2628
    2695    1.2091
    2696    1.1567
    2697    1.2927
    2698    1.2900
    2699    1.2355
    2700    1.2089
    2701    1.3733
    2702    1.2633
    2703    1.2044
    2704    1.1644
    2705    1.1609
    2706    1.1182
    2707    1.0355
    2708    1.0560
    2709    1.0535
    2710    1.0193
    2711    1.0264
    2712    1.0277
    2713    1.0567
    2714    1.0506
    2715    1.0233
    2716    0.9948
    2717    1.0563
    2718    1.1107
    2719    1.1658
    2720    1.1109
    2721    1.0691
    2722    1.0237
    2723    0.9684
    2724    0.9397
    2725    1.0183
    2726    0.9443
    2727    0.9278
    2728    1.0045
    2729    1.0349
    2730    1.0676
    2731    1.0435
    2732    1.0775
    2733    1.0916
    2734    1.2284
    2735    1.0515
    2736    1.1445
    2737    1.2274
    2738    1.1123
    2739    1.1571
    2740    1.1292
    2741    1.1615
    2742    1.0737
    2743    1.0493
    2744    1.0530
    2745    1.0278
    2746    0.9987
    2747    1.0987
    2748    1.1372
    2749    1.0568
    2750    1.1041
    2751    1.1427
    2752    1.0925
    2753    1.1459
    2754    1.0834
    2755    1.1121
    2756    1.0267
    2757    1.0539
    2758    1.0308
    2759    1.0875
    2760    1.1318
    2761    1.0287
    2762    0.9648
    2763    1.1564
    2764    1.1443
    2765    1.4484
    2766    1.3084
    2767    1.2657
    2768    1.1711
    2769    1.0802
    2770    1.2210
    2771    1.0904
    2772    1.2080
    2773    1.1168
    2774    1.1845
    2775    1.1939
    2776    1.2489
    2777    1.1777
    2778    1.2747
    2779    1.2217
    2780    1.2400
    2781    1.2199
    2782    1.2387
    2783    1.1746
    2784    1.2518
    2785    1.2199
    2786    1.2560
    2787    1.3384
    2788    1.1399
    2789    1.0554
    2790    1.2760
    2791    1.1592
    2792    1.1218
    2793    1.1186
    2794    1.1613
    2795    1.2103
    2796    1.2699
    2797    1.3232
    2798    1.3713
    2799    1.4022
    2800    1.3518
    2801    1.4436
    2802    1.4258
    2803    1.2831
    2804    1.1997
    2805    1.1634
    2806    1.0660
    2807    1.1459
    2808    1.1502
    2809    1.1103
    2810    1.1501
    2811    1.0628
    2812    1.0632
    2813    1.2798
    2814    1.3726
    2815    1.2371
    2816    1.2326
    2817    1.2816
    2818    1.2584
    2819    1.1377
    2820    1.1527
    2821    1.1032
    2822    1.1643
    2823    1.1823
    2824    1.1825
    2825    1.1619
    2826    1.2407
    2827    1.4269
    2828    1.2432
    2829    1.1665
    2830    1.0952
    2831    1.0414
    2832    1.0562
    2833    1.0735
    2834    1.0730
    2835    1.0938
    2836    1.0140
    2837    1.0059
    2838    1.0277
    2839    1.1888
    2840    1.1224
    2841    1.0997
    2842    1.0177
    2843    1.1210
    2844    1.1076
    2845    1.1884
    2846    1.2624
    2847    1.1335
    2848    1.1980
    2849    1.1617
    2850    1.2911
    2851    1.2712
    2852    1.3633
    2853    1.3272
    2854    1.2446
    2855    1.2278
    2856    1.2305
    2857    1.0597
    2858    1.1989
    2859    1.2453
    2860    1.2072
    2861    1.3022
    2862    1.2179
    2863    1.1483
    2864    1.2586
    2865    1.3043
    2866    1.1937
    2867    1.1264
    2868    1.2136
    2869    1.1983
    2870    1.1691
    2871    1.1202
    2872    1.2480
    2873    1.2748
    2874    1.3204
    2875    1.3571
    2876    1.2465
    2877    1.3599
    2878    1.3559
    2879    1.3158
    2880    1.1743
    2881    1.2421
    2882    1.2423
    2883    1.2463
    2884    1.2426
    2885    1.2195
    2886    1.1543
    2887    1.1975
    2888    1.1861
    2889    1.2590
    2890    1.3117
    2891    1.2098
    2892    1.2994
    2893    1.4022
    2894    1.4108
    2895    1.3267
    2896    1.3049
    2897    1.1784
    2898    1.2404
    2899    1.1928
    2900    1.2305
    2901    1.2038
    2902    1.3796
    2903    1.3502
    2904    1.3906
    2905    1.3536
    2906    1.1560
    2907    1.1281
    2908    1.0994
    2909    1.1299
    2910    1.1431
    2911    1.2043
    2912    1.2608
    2913    1.2840
    2914    1.2666
    2915    1.2626
    2916    1.3100
    2917    1.3055
    2918    1.2092
    2919    1.0746
    2920    1.1878
    2921    1.1429
    2922    1.1851
    2923    1.2951
    2924    1.3055
    2925    1.2998
    2926    1.1420
    2927    1.3709
    2928    1.3097
    2929    1.3226
    2930    1.4086
    2931    1.2700
    2932    1.3109
    2933    1.2352
    2934    1.2586
    2935    1.3046
    2936    1.2957
    2937    1.3293
    2938    1.3790
    2939    1.3072
    2940    1.3447
    2941    1.4880
    2942    1.3804
    2943    1.2211
    2944    1.3299
    2945    1.4203
    2946    1.3268
    2947    1.2803
    2948    1.2647
    2949    1.2974
    2950    1.3910
    2951    1.3521
    2952    1.3704
    2953    1.3286
    2954    1.3457
    2955    1.3057
    2956    1.2280
    2957    1.2633
    2958    1.1449
    2959    1.2623
    2960    1.2576
    2961    1.3172
    2962    1.3536
    2963    1.3252
    2964    1.3885
    2965    1.3217
    2966    1.2998
    2967    1.2034
    2968    1.1983
    2969    1.2428
    2970    1.2493
    2971    1.1930
    2972    1.2525
    2973    1.2158
    2974    1.3201
    2975    1.4264
    2976    1.3393
    2977    1.2329
    2978    1.2933
    2979    1.2267
    2980    1.2561
    2981    1.2960
    2982    1.3180
    2983    1.3366
    2984    1.2477
    2985    1.2232
    2986    1.2141
    2987    1.2671
    2988    1.3060
    2989    1.1693
    2990    1.1946
    2991    1.1969
    2992    1.2056
    2993    1.1930
    2994    1.1998
    2995    1.1856
    2996    1.2520
    2997    1.1744
    2998    1.2946
    2999    1.2469
