       1    1.2717
       2    1.3231
       3    1.1490
       4    1.1331
       5    1.1281
       6    1.2789
       7    1.2204
       8    1.0987
       9    1.0727
      10    1.1918
      11    1.2193
      12    1.1542
      13    1.3688
      14    1.4668
      15    1.3749
      16    1.1489
      17    1.1162
      18    1.1395
      19    1.3019
      20    1.4167
      21    1.3108
      22    1.2345
      23    1.1932
      24    1.2364
      25    1.0819
      26    1.0893
      27    0.9509
      28    0.9547
      29    0.9795
      30    1.0651
      31    1.2046
      32    1.3553
      33    1.3417
      34    1.1825
      35    1.2843
      36    1.4180
      37    1.4047
      38    1.2858
      39    1.3116
      40    1.2936
      41    1.3987
      42    1.4270
      43    1.2841
      44    1.3592
      45    1.2177
      46    1.2737
      47    1.1271
      48    1.1168
      49    1.0228
      50    0.9285
      51    0.9204
      52    1.0790
      53    1.1135
      54    1.0929
      55    1.0725
      56    1.0491
      57    0.9837
      58    0.9173
      59    0.9206
      60    0.9819
      61    1.0962
      62    1.0615
      63    1.0403
      64    0.9790
      65    0.8871
      66    0.9018
      67    1.0621
      68    0.9680
      69    0.9938
      70    1.0012
      71    1.0360
      72    0.8722
      73    0.8780
      74    1.0683
      75    1.0477
      76    1.0269
      77    1.1165
      78    1.2007
      79    1.1537
      80    1.1783
      81    1.0475
      82    1.0606
      83    0.9138
      84    1.0047
      85    0.9532
      86    1.1433
      87    1.1442
      88    1.0605
      89    1.1508
      90    1.0867
      91    1.0654
      92    1.1774
      93    1.1127
      94    1.0465
      95    1.1045
      96    1.1091
      97    1.2192
      98    1.1749
      99    1.0341
     100    0.9628
     101    1.1329
     102    1.1098
     103    1.2124
     104    1.2509
     105    1.2198
     106    1.1803
     107    1.1958
     108    1.1790
     109    1.1713
     110    1.1829
     111    1.1774
     112    1.0845
     113    0.9815
     114    0.8552
     115    0.9269
     116    1.1462
     117    1.0261
     118    0.9439
     119    1.0252
     120    1.0800
     121    1.0427
     122    1.0805
     123    1.1267
     124    1.1345
     125    1.3851
     126    1.2534
     127    1.3295
     128    1.4539
     129    1.4020
     130    1.1854
     131    1.1531
     132    1.1216
     133    1.1287
     134    1.0085
     135    1.1121
     136    0.9944
     137    0.9550
     138    1.0143
     139    1.0987
     140    1.1648
     141    1.1400
     142    1.4250
     143    1.2551
     144    1.2099
     145    1.2603
     146    1.2014
     147    1.2054
     148    1.1481
     149    1.0744
     150    0.9087
     151    0.8398
     152    0.8338
     153    1.1018
     154    1.0224
     155    1.0053
     156    0.9577
     157    0.9576
     158    1.1126
     159    1.0765
     160    1.0592
     161    0.8812
     162    0.9366
     163    0.9872
     164    0.9202
     165    0.9455
     166    0.9080
     167    0.8322
     168    0.9815
     169    1.0111
     170    1.0580
     171    1.0348
     172    0.9212
     173    0.9804
     174    0.9025
     175    0.9119
     176    0.9013
     177    0.9556
     178    0.9938
     179    0.7884
     180    0.9239
     181    0.8695
     182    0.9868
     183    0.7246
     184    0.7900
     185    0.7437
     186    0.7732
     187    0.8387
     188    0.7544
     189    0.9182
     190    0.8866
     191    1.0387
     192    1.0076
     193    0.9310
     194    0.9643
     195    0.8863
     196    0.9383
     197    0.7829
     198    0.8446
     199    0.8230
     200    0.9753
     201    0.8553
     202    0.8679
     203    0.9137
     204    0.9474
     205    0.9157
     206    0.8400
     207    0.9436
     208    0.8326
     209    0.8080
     210    0.8422
     211    0.8167
     212    0.9083
     213    0.8551
     214    0.8538
     215    0.7739
     216    0.7866
     217    0.7871
     218    0.8459
     219    0.7644
     220    0.8001
     221    0.8933
     222    0.8496
     223    0.9188
     224    0.9261
     225    1.0375
     226    0.9336
     227    0.8892
     228    0.8954
     229    0.8561
     230    0.9256
     231    1.0668
     232    1.0770
     233    0.9276
     234    0.9814
     235    0.9668
     236    0.8481
     237    0.7795
     238    0.9401
     239    0.7731
     240    0.8325
     241    0.8022
     242    0.8915
     243    0.9034
     244    0.9002
     245    0.7693
     246    0.7139
     247    0.7497
     248    0.7624
     249    0.7178
     250    0.7592
     251    0.8424
     252    0.8449
     253    0.8270
     254    0.8367
     255    0.7701
     256    0.7161
     257    0.7234
     258    0.6795
     259    0.8968
     260    0.8044
     261    0.6760
     262    0.7142
     263    0.6787
     264    0.8028
     265    0.7288
     266    0.8385
     267    0.7722
     268    0.7179
     269    0.7943
     270    0.7943
     271    0.6450
     272    0.7591
     273    1.0502
     274    0.8773
     275    0.9324
     276    0.8710
     277    0.7856
     278    0.7737
     279    0.7577
     280    0.8311
     281    0.9686
     282    0.7797
     283    0.6998
     284    0.8123
     285    0.8918
     286    0.8955
     287    0.7380
     288    0.7872
     289    0.6960
     290    0.6846
     291    0.6980
     292    0.8358
     293    0.7404
     294    0.7772
     295    0.7312
     296    0.7593
     297    0.8209
     298    0.7919
     299    0.7802
     300    0.8236
     301    0.8029
     302    0.8045
     303    0.9625
     304    0.7180
     305    0.7412
     306    0.7165
     307    0.7838
     308    0.7755
     309    0.8292
     310    0.8397
     311    0.8045
     312    0.8562
     313    0.8439
     314    0.7940
     315    0.8662
     316    0.8491
     317    0.8777
     318    0.8394
     319    0.8086
     320    0.8461
     321    0.8044
     322    0.8649
     323    0.9310
     324    0.9361
     325    0.8946
     326    1.0041
     327    0.8480
     328    0.8305
     329    0.7997
     330    0.8602
     331    0.8748
     332    0.9274
     333    0.8819
     334    0.7322
     335    0.7738
     336    0.8342
     337    0.7691
     338    0.6864
     339    0.6579
     340    0.6906
     341    0.7532
     342    0.7873
     343    0.7588
     344    0.7870
     345    0.9288
     346    0.8991
     347    0.7375
     348    0.7666
     349    0.6944
     350    0.7892
     351    0.6874
     352    0.6913
     353    0.8253
     354    0.8140
     355    1.0462
     356    0.9753
     357    1.0185
     358    0.8303
     359    0.8238
     360    0.8972
     361    0.8509
     362    0.7903
     363    0.8504
     364    0.7073
     365    0.7424
     366    0.7981
     367    0.8898
     368    0.8360
     369    0.7196
     370    0.7177
     371    0.7508
     372    0.7784
     373    0.7680
     374    0.7920
     375    0.6785
     376    0.7522
     377    0.6094
     378    0.7229
     379    0.6738
     380    0.8055
     381    0.8492
     382    0.8726
     383    0.7100
     384    0.8237
     385    0.9613
     386    1.0041
     387    0.8571
     388    0.8332
     389    0.8954
     390    0.8187
     391    0.8331
     392    0.7906
     393    0.8026
     394    0.7970
     395    0.7797
     396    0.7720
     397    0.7580
     398    0.9401
     399    0.8664
     400    0.8566
     401    0.8962
     402    0.8823
     403    0.7212
     404    0.9365
     405    0.9763
     406    1.0069
     407    0.9445
     408    0.9208
     409    0.8103
     410    0.7950
     411    0.7579
     412    0.7921
     413    0.7477
     414    0.8346
     415    0.7560
     416    0.7275
     417    0.6612
     418    0.9418
     419    0.7252
     420    0.6710
     421    0.6800
     422    0.6931
     423    0.7525
     424    0.8212
     425    0.7529
     426    0.7303
     427    0.7783
     428    0.7350
     429    0.8181
     430    0.9230
     431    0.9715
     432    0.8413
     433    0.8347
     434    0.7018
     435    0.7128
     436    0.7202
     437    0.7572
     438    0.8537
     439    0.6933
     440    0.6131
     441    0.6491
     442    0.6529
     443    0.6587
     444    0.6878
     445    0.6575
     446    0.6881
     447    0.7232
     448    0.7565
     449    0.8245
     450    0.9922
     451    0.9033
     452    0.9100
     453    0.8861
     454    0.8487
     455    0.7550
     456    0.8529
     457    0.8102
     458    0.6476
     459    0.7152
     460    0.7271
     461    0.8661
     462    0.8266
     463    0.7859
     464    0.7200
     465    0.7521
     466    0.6929
     467    0.8899
     468    0.8290
     469    0.9138
     470    0.7509
     471    0.7438
     472    0.8947
     473    0.7986
     474    0.8963
     475    0.8160
     476    0.9286
     477    0.8799
     478    0.8469
     479    0.8753
     480    0.7776
     481    0.8354
     482    0.7587
     483    0.7688
     484    0.8213
     485    0.8025
     486    0.6721
     487    0.6844
     488    0.7054
     489    0.6846
     490    0.7577
     491    0.6290
     492    0.6503
     493    0.6568
     494    0.6733
     495    0.7942
     496    0.7484
     497    0.6594
     498    0.7634
     499    0.7147
     500    0.8216
     501    0.7259
     502    0.7424
     503    0.8651
     504    0.8741
     505    0.6879
     506    0.7593
     507    0.9427
     508    0.9390
     509    1.0286
     510    1.0134
     511    0.8785
     512    0.9492
     513    0.8186
     514    0.8105
     515    0.8631
     516    0.7992
     517    0.8867
     518    0.9388
     519    1.0653
     520    0.9670
     521    0.7714
     522    0.7892
     523    0.6451
     524    0.7325
     525    0.7441
     526    0.7000
     527    0.7023
     528    0.7661
     529    0.8898
     530    0.7502
     531    0.8529
     532    0.7498
     533    0.8428
     534    0.6497
     535    0.6755
     536    0.8930
     537    0.7617
     538    0.6667
     539    0.7015
     540    0.8625
     541    0.7489
     542    0.7116
     543    0.7128
     544    0.8920
     545    0.8484
     546    0.8354
     547    0.8251
     548    0.8056
     549    0.7913
     550    0.6900
     551    0.7879
     552    0.7417
     553    0.7980
     554    0.8201
     555    0.8186
     556    0.7987
     557    0.7970
     558    0.7110
     559    0.7367
     560    0.7722
     561    0.8095
     562    0.8504
     563    0.8368
     564    0.7910
     565    0.7407
     566    0.8328
     567    0.7924
     568    0.7361
     569    0.7130
     570    0.8763
     571    0.8492
     572    0.9810
     573    0.9483
     574    1.0166
     575    1.0255
     576    0.8633
     577    0.8600
     578    0.7931
     579    0.8935
     580    1.0147
     581    0.9271
     582    0.8778
     583    0.8452
     584    0.7839
     585    0.7417
     586    0.7883
     587    0.7428
     588    0.6875
     589    0.6959
     590    0.7359
     591    0.8246
     592    0.7655
     593    0.8105
     594    0.8820
     595    0.7293
     596    0.7054
     597    0.7646
     598    0.7372
     599    0.7003
     600    0.7262
     601    0.8059
     602    0.7256
     603    0.7664
     604    0.6850
     605    0.7086
     606    0.7306
     607    0.7950
     608    0.8132
     609    0.8736
     610    0.8509
     611    0.7831
     612    0.6435
     613    0.6342
     614    0.7704
     615    0.7835
     616    0.7228
     617    0.8189
     618    0.8195
     619    0.7337
     620    0.7570
     621    0.7045
     622    0.7477
     623    0.8468
     624    0.8789
     625    0.9475
     626    1.0755
     627    1.0806
     628    1.1420
     629    0.9839
     630    1.0478
     631    0.8971
     632    0.9163
     633    0.8714
     634    0.8976
     635    0.7824
     636    0.9125
     637    0.8526
     638    0.7972
     639    0.6843
     640    0.7535
     641    0.7936
     642    0.8064
     643    1.0067
     644    0.9182
     645    0.8997
     646    0.9105
     647    1.1397
     648    0.9929
     649    1.1646
     650    1.0537
     651    1.1240
     652    1.0723
     653    0.8851
     654    1.0270
     655    1.0960
     656    1.0101
     657    1.0844
     658    0.9873
     659    1.2170
     660    1.0283
     661    1.0488
     662    0.8431
     663    0.9275
     664    1.0066
     665    0.8306
     666    0.8163
     667    0.9087
     668    0.9089
     669    0.9663
     670    0.8313
     671    0.7341
     672    0.8153
     673    0.8191
     674    0.8828
     675    1.0119
     676    0.8950
     677    0.8478
     678    0.8172
     679    0.7713
     680    0.8150
     681    0.8255
     682    0.9209
     683    0.8140
     684    1.0633
     685    1.0437
     686    0.9152
     687    0.9490
     688    0.8455
     689    1.0291
     690    1.0261
     691    0.9175
     692    1.1995
     693    1.0829
     694    1.1836
     695    0.9569
     696    0.9885
     697    1.0743
     698    1.0555
     699    1.0084
     700    0.9821
     701    0.7947
     702    0.7966
     703    0.7889
     704    0.8104
     705    0.8380
     706    0.9883
     707    0.9144
     708    0.9042
     709    0.8014
     710    0.7401
     711    0.7147
     712    0.7584
     713    0.8195
     714    0.7795
     715    0.8241
     716    0.7012
     717    0.7729
     718    0.8127
     719    0.7971
     720    0.8338
     721    0.7661
     722    0.6999
     723    0.8104
     724    0.7495
     725    0.8736
     726    0.8382
     727    0.7651
     728    0.7411
     729    0.7286
     730    0.8459
     731    0.7936
     732    0.7988
     733    0.8077
     734    0.9230
     735    0.9076
     736    0.8665
     737    0.8917
     738    0.8993
     739    0.8126
     740    0.7446
     741    0.7778
     742    0.7884
     743    0.7832
     744    0.8552
     745    0.9317
     746    0.8849
     747    0.7998
     748    0.9717
     749    0.8785
     750    0.9594
     751    0.9274
     752    0.8852
     753    0.8731
     754    0.9649
     755    0.8889
     756    0.9769
     757    1.0819
     758    1.0667
     759    1.0588
     760    1.0001
     761    0.8759
     762    0.7965
     763    0.8829
     764    0.9159
     765    0.9325
     766    0.9190
     767    1.0889
     768    1.0106
     769    1.1258
     770    0.8909
     771    0.9222
     772    0.9889
     773    0.9212
     774    0.8560
     775    0.8600
     776    0.9155
     777    0.9223
     778    0.8170
     779    0.9368
     780    0.8090
     781    0.7896
     782    0.9220
     783    1.0022
     784    1.0383
     785    1.0125
     786    1.0441
     787    0.8645
     788    0.8757
     789    0.8611
     790    0.9673
     791    0.9521
     792    0.8709
     793    0.7221
     794    0.7605
     795    0.7639
     796    0.7974
     797    0.8033
     798    0.8984
     799    0.9686
     800    1.0218
     801    0.9988
     802    0.8728
     803    0.9737
     804    0.9182
     805    1.0100
     806    0.9125
     807    0.9675
     808    0.8686
     809    0.9000
     810    1.0132
     811    0.8843
     812    0.8765
     813    0.9197
     814    0.8913
     815    0.8904
     816    0.7467
     817    0.7794
     818    0.7968
     819    0.9290
     820    0.8113
     821    0.8909
     822    0.9851
     823    0.9167
     824    0.9898
     825    1.1830
     826    1.0241
     827    1.0423
     828    0.9952
     829    0.9969
     830    0.9153
     831    0.9867
     832    0.8772
     833    0.7973
     834    0.7649
     835    0.8415
     836    0.8152
     837    0.9175
     838    0.9876
     839    1.0847
     840    1.0432
     841    1.0347
     842    1.1024
     843    1.1809
     844    1.0660
     845    1.0131
     846    1.0240
     847    0.9557
     848    0.9983
     849    1.0062
     850    1.1773
     851    1.2314
     852    1.0995
     853    1.0014
     854    0.9138
     855    0.9196
     856    0.7770
     857    0.9071
     858    0.8879
     859    0.7502
     860    0.8081
     861    0.8231
     862    1.1414
     863    1.2180
     864    0.9549
     865    1.1320
     866    1.1687
     867    0.9715
     868    0.9286
     869    0.8688
     870    1.0604
     871    0.9829
     872    0.9518
     873    1.0494
     874    0.8657
     875    0.8292
     876    0.8963
     877    0.9430
     878    1.0285
     879    1.0181
     880    1.0149
     881    0.9785
     882    0.8375
     883    0.8757
     884    0.9649
     885    0.9389
     886    1.1198
     887    1.0085
     888    1.0163
     889    1.0675
     890    1.0657
     891    1.1201
     892    1.0062
     893    0.8873
     894    0.9400
     895    0.9293
     896    0.8987
     897    0.8650
     898    0.9069
     899    0.8624
     900    1.0166
     901    1.0498
     902    0.9192
     903    1.0359
     904    0.9985
     905    0.9597
     906    0.9454
     907    0.7645
     908    0.9432
     909    0.9936
     910    1.0057
     911    1.1123
     912    1.0113
     913    0.9851
     914    0.9824
     915    0.9173
     916    0.7790
     917    0.9209
     918    1.0104
     919    0.8940
     920    0.9535
     921    0.8116
     922    0.8542
     923    0.8900
     924    0.8557
     925    0.9578
     926    1.0543
     927    0.9847
     928    1.1547
     929    1.1701
     930    1.0165
     931    0.9479
     932    1.0465
     933    0.9373
     934    0.9658
     935    0.9420
     936    1.0042
     937    1.1583
     938    1.2331
     939    1.1658
     940    1.2138
     941    1.2190
     942    1.0843
     943    1.0476
     944    1.0814
     945    0.9466
     946    0.9542
     947    0.9667
     948    1.1472
     949    1.1071
     950    0.9981
     951    1.0556
     952    1.1699
     953    0.9569
     954    1.0734
     955    1.0445
     956    0.9245
     957    0.8792
     958    0.9450
     959    1.0018
     960    0.9601
     961    1.0030
     962    0.8236
     963    0.7845
     964    0.9668
     965    1.0321
     966    0.9912
     967    0.9147
     968    0.8575
     969    0.8382
     970    0.8687
     971    0.8759
     972    0.8339
     973    0.9542
     974    0.9192
     975    0.9187
     976    0.8416
     977    0.9626
     978    0.7231
     979    0.9726
     980    0.8780
     981    0.8708
     982    0.9056
     983    0.8925
     984    0.9512
     985    0.9186
     986    0.9762
     987    0.9754
     988    0.8371
     989    0.8722
     990    0.8537
     991    0.8750
     992    0.8755
     993    0.9029
     994    1.0186
     995    0.8841
     996    0.9584
     997    0.9535
     998    0.9745
     999    0.9672
