#Frame       SA_00001
       1   23366.0233
       2   23040.8509
       3   23469.1714
       4   23671.3555
       5   23733.2526
       6   22657.4382
       7   23361.6395
       8   23484.7334
       9   23480.4417
      10   23522.8394
      11   23517.9724
      12   23791.8919
      13   23999.0683
      14   22855.0745
      15   22527.1260
      16   22961.4995
      17   23492.8176
      18   22522.7996
      19   23291.4177
      20   22890.7259
      21   23173.3205
      22   23699.8669
      23   23310.3168
      24   23290.5872
      25   23308.8315
      26   23786.9787
      27   23402.0628
      28   22973.0096
      29   23348.6668
      30   23219.2500
      31   22483.4006
      32   22835.2568
      33   22258.4379
      34   22808.5291
      35   22607.4414
      36   23241.3334
      37   22977.3421
      38   23098.0774
      39   23179.5214
      40   22861.7283
      41   22945.0177
      42   22858.0302
      43   23188.4927
      44   23332.3464
      45   23010.3715
      46   22960.7769
      47   23407.3858
      48   23116.7167
      49   23926.7449
      50   23153.4566
