ResNum RESNAME First Last Natom RESID MolNum
    1 THR       1     16     16   172     1  
    2 THR      17     30     14   173     1  
    3 ASN      31     44     14   174     1  
    4 VAL      45     60     16   175     1  
    5 GLY      61     67      7   176     1  
    6 ASP      68     79     12   177     1  
    7 SER      80     90     11   178     1  
    8 THR      91    104     14   179     1  
    9 LEU     105    123     19   180     1  
   10 ALA     124    133     10   181     1  
   11 ASP     134    145     12   182     1  
   12 LEU     146    164     19   183     1  
   13 LEU     165    183     19   184     1  
   14 ASP     184    195     12   185     1  
   15 HSD     196    212     17   186     1  
   16 SER     213    223     11   187     1  
   17 CYS     224    234     11   188     1  
   18 THR     235    248     14   189     1  
   19 SER     249    259     11   190     1  
   20 GLY     260    266      7   191     1  
   21 SER     267    277     11   192     1  
   22 GLY     278    284      7   193     1  
   23 SER     285    295     11   194     1  
   24 GLY     296    302      7   195     1  
   25 LEU     303    321     19   196     1  
   26 PRO     322    335     14   197     1  
   27 PHE     336    355     20   198     1  
   28 LEU     356    374     19   199     1  
   29 VAL     375    390     16   200     1  
   30 GLN     391    407     17   201     1  
   31 ARG     408    431     24   202     1  
   32 THR     432    445     14   203     1  
   33 VAL     446    461     16   204     1  
   34 ALA     462    471     10   205     1  
   35 HSD     472    488     17   206     1  
   36 GLN     489    505     17   207     1  
   37 ILE     506    524     19   208     1  
   38 THR     525    538     14   209     1  
   39 LEU     539    557     19   210     1  
   40 LEU     558    576     19   211     1  
   41 GLU     577    591     15   212     1  
   42 CYS     592    602     11   213     1  
   43 VAL     603    618     16   214     1  
   44 GLY     619    625      7   215     1  
   45 LYS     626    647     22   216     1  
   46 GLY     648    654      7   217     1  
   47 ARG     655    678     24   218     1  
   48 TYR     679    699     21   219     1  
   49 GLY     700    706      7   220     1  
   50 GLU     707    721     15   221     1  
   51 VAL     722    737     16   222     1  
   52 TRP     738    761     24   223     1  
   53 ARG     762    785     24   224     1  
   54 GLY     786    792      7   225     1  
   55 SER     793    803     11   226     1  
   56 TRP     804    827     24   227     1  
   57 GLN     828    844     17   228     1  
   58 GLY     845    851      7   229     1  
   59 GLU     852    866     15   230     1  
   60 ASN     867    880     14   231     1  
   61 VAL     881    896     16   232     1  
   62 ALA     897    906     10   233     1  
   63 VAL     907    922     16   234     1  
   64 LYS     923    944     22   235     1  
   65 ILE     945    963     19   236     1  
   66 PHE     964    983     20   237     1  
   67 SER     984    994     11   238     1  
   68 SER     995   1005     11   239     1  
   69 ARG    1006   1029     24   240     1  
   70 ASP    1030   1041     12   241     1  
   71 GLU    1042   1056     15   242     1  
   72 LYS    1057   1078     22   243     1  
   73 SER    1079   1089     11   244     1  
   74 TRP    1090   1113     24   245     1  
   75 PHE    1114   1133     20   246     1  
   76 ARG    1134   1157     24   247     1  
   77 GLU    1158   1172     15   248     1  
   78 THR    1173   1186     14   249     1  
   79 GLU    1187   1201     15   250     1  
   80 LEU    1202   1220     19   251     1  
   81 TYR    1221   1241     21   252     1  
   82 ASN    1242   1255     14   253     1  
   83 THR    1256   1269     14   254     1  
   84 VAL    1270   1285     16   255     1  
   85 MET    1286   1302     17   256     1  
   86 LEU    1303   1321     19   257     1  
   87 ARG    1322   1345     24   258     1  
   88 HSD    1346   1362     17   259     1  
   89 GLU    1363   1377     15   260     1  
   90 ASN    1378   1391     14   261     1  
   91 ILE    1392   1410     19   262     1  
   92 LEU    1411   1429     19   263     1  
   93 GLY    1430   1436      7   264     1  
   94 PHE    1437   1456     20   265     1  
   95 ILE    1457   1475     19   266     1  
   96 ALA    1476   1485     10   267     1  
   97 SER    1486   1496     11   268     1  
   98 ASP    1497   1508     12   269     1  
   99 MET    1509   1525     17   270     1  
  100 THR    1526   1539     14   271     1  
  101 SER    1540   1550     11   272     1  
  102 ARG    1551   1574     24   273     1  
  103 HSD    1575   1591     17   274     1  
  104 SER    1592   1602     11   275     1  
  105 SER    1603   1613     11   276     1  
  106 THR    1614   1627     14   277     1  
  107 GLN    1628   1644     17   278     1  
  108 LEU    1645   1663     19   279     1  
  109 TRP    1664   1687     24   280     1  
  110 LEU    1688   1706     19   281     1  
  111 ILE    1707   1725     19   282     1  
  112 THR    1726   1739     14   283     1  
  113 HSD    1740   1756     17   284     1  
  114 TYR    1757   1777     21   285     1  
  115 HSD    1778   1794     17   286     1  
  116 GLU    1795   1809     15   287     1  
  117 MET    1810   1826     17   288     1  
  118 GLY    1827   1833      7   289     1  
  119 SER    1834   1844     11   290     1  
  120 LEU    1845   1863     19   291     1  
  121 TYR    1864   1884     21   292     1  
  122 ASP    1885   1896     12   293     1  
  123 TYR    1897   1917     21   294     1  
  124 LEU    1918   1936     19   295     1  
  125 GLN    1937   1953     17   296     1  
  126 LEU    1954   1972     19   297     1  
  127 THR    1973   1986     14   298     1  
  128 THR    1987   2000     14   299     1  
  129 LEU    2001   2019     19   300     1  
  130 ASP    2020   2031     12   301     1  
  131 THR    2032   2045     14   302     1  
  132 VAL    2046   2061     16   303     1  
  133 SER    2062   2072     11   304     1  
  134 CYS    2073   2083     11   305     1  
  135 LEU    2084   2102     19   306     1  
  136 ARG    2103   2126     24   307     1  
  137 ILE    2127   2145     19   308     1  
  138 VAL    2146   2161     16   309     1  
  139 LEU    2162   2180     19   310     1  
  140 SER    2181   2191     11   311     1  
  141 ILE    2192   2210     19   312     1  
  142 ALA    2211   2220     10   313     1  
  143 SER    2221   2231     11   314     1  
  144 GLY    2232   2238      7   315     1  
  145 LEU    2239   2257     19   316     1  
  146 ALA    2258   2267     10   317     1  
  147 HSD    2268   2284     17   318     1  
  148 LEU    2285   2303     19   319     1  
  149 HSD    2304   2320     17   320     1  
  150 ILE    2321   2339     19   321     1  
  151 GLU    2340   2354     15   322     1  
  152 ILE    2355   2373     19   323     1  
  153 PHE    2374   2393     20   324     1  
  154 GLY    2394   2400      7   325     1  
  155 THR    2401   2414     14   326     1  
  156 GLN    2415   2431     17   327     1  
  157 GLY    2432   2438      7   328     1  
  158 LYS    2439   2460     22   329     1  
  159 PRO    2461   2474     14   330     1  
  160 ALA    2475   2484     10   331     1  
  161 ILE    2485   2503     19   332     1  
  162 ALA    2504   2513     10   333     1  
  163 HSD    2514   2530     17   334     1  
  164 ARG    2531   2554     24   335     1  
  165 ASP    2555   2566     12   336     1  
  166 LEU    2567   2585     19   337     1  
  167 LYS    2586   2607     22   338     1  
  168 SER    2608   2618     11   339     1  
  169 LYS    2619   2640     22   340     1  
  170 ASN    2641   2654     14   341     1  
  171 ILE    2655   2673     19   342     1  
  172 LEU    2674   2692     19   343     1  
  173 VAL    2693   2708     16   344     1  
  174 LYS    2709   2730     22   345     1  
  175 LYS    2731   2752     22   346     1  
  176 ASN    2753   2766     14   347     1  
  177 GLY    2767   2773      7   348     1  
  178 GLN    2774   2790     17   349     1  
  179 CYS    2791   2801     11   350     1  
  180 CYS    2802   2812     11   351     1  
  181 ILE    2813   2831     19   352     1  
  182 ALA    2832   2841     10   353     1  
  183 ASP    2842   2853     12   354     1  
  184 LEU    2854   2872     19   355     1  
  185 GLY    2873   2879      7   356     1  
  186 LEU    2880   2898     19   357     1  
  187 ALA    2899   2908     10   358     1  
  188 VAL    2909   2924     16   359     1  
  189 MET    2925   2941     17   360     1  
  190 HSD    2942   2958     17   361     1  
  191 SER    2959   2969     11   362     1  
  192 GLN    2970   2986     17   363     1  
  193 SER    2987   2997     11   364     1  
  194 THR    2998   3011     14   365     1  
  195 ASN    3012   3025     14   366     1  
  196 GLN    3026   3042     17   367     1  
  197 LEU    3043   3061     19   368     1  
  198 ASP    3062   3073     12   369     1  
  199 VAL    3074   3089     16   370     1  
  200 GLY    3090   3096      7   371     1  
  201 ASN    3097   3110     14   372     1  
  202 ASN    3111   3124     14   373     1  
  203 PRO    3125   3138     14   374     1  
  204 ARG    3139   3162     24   375     1  
  205 VAL    3163   3178     16   376     1  
  206 GLY    3179   3185      7   377     1  
  207 THR    3186   3199     14   378     1  
  208 LYS    3200   3221     22   379     1  
  209 ARG    3222   3245     24   380     1  
  210 TYR    3246   3266     21   381     1  
  211 MET    3267   3283     17   382     1  
  212 ALA    3284   3293     10   383     1  
  213 PRO    3294   3307     14   384     1  
  214 GLU    3308   3322     15   385     1  
  215 VAL    3323   3338     16   386     1  
  216 LEU    3339   3357     19   387     1  
  217 ASP    3358   3369     12   388     1  
  218 GLU    3370   3384     15   389     1  
  219 THR    3385   3398     14   390     1  
  220 ILE    3399   3417     19   391     1  
  221 GLN    3418   3434     17   392     1  
  222 VAL    3435   3450     16   393     1  
  223 ASP    3451   3462     12   394     1  
  224 CYS    3463   3473     11   395     1  
  225 PHE    3474   3493     20   396     1  
  226 ASP    3494   3505     12   397     1  
  227 SER    3506   3516     11   398     1  
  228 TYR    3517   3537     21   399     1  
  229 LYS    3538   3559     22   400     1  
  230 ARG    3560   3583     24   401     1  
  231 VAL    3584   3599     16   402     1  
  232 ASP    3600   3611     12   403     1  
  233 ILE    3612   3630     19   404     1  
  234 TRP    3631   3654     24   405     1  
  235 ALA    3655   3664     10   406     1  
  236 PHE    3665   3684     20   407     1  
  237 GLY    3685   3691      7   408     1  
  238 LEU    3692   3710     19   409     1  
  239 VAL    3711   3726     16   410     1  
  240 LEU    3727   3745     19   411     1  
  241 TRP    3746   3769     24   412     1  
  242 GLU    3770   3784     15   413     1  
  243 VAL    3785   3800     16   414     1  
  244 ALA    3801   3810     10   415     1  
  245 ARG    3811   3834     24   416     1  
  246 ARG    3835   3858     24   417     1  
  247 MET    3859   3875     17   418     1  
  248 VAL    3876   3891     16   419     1  
  249 SER    3892   3902     11   420     1  
  250 ASN    3903   3916     14   421     1  
  251 GLY    3917   3923      7   422     1  
  252 ILE    3924   3942     19   423     1  
  253 VAL    3943   3958     16   424     1  
  254 GLU    3959   3973     15   425     1  
  255 ASP    3974   3985     12   426     1  
  256 TYR    3986   4006     21   427     1  
  257 LYS    4007   4028     22   428     1  
  258 PRO    4029   4042     14   429     1  
  259 PRO    4043   4056     14   430     1  
  260 PHE    4057   4076     20   431     1  
  261 TYR    4077   4097     21   432     1  
  262 ASP    4098   4109     12   433     1  
  263 VAL    4110   4125     16   434     1  
  264 VAL    4126   4141     16   435     1  
  265 PRO    4142   4155     14   436     1  
  266 ASN    4156   4169     14   437     1  
  267 ASP    4170   4181     12   438     1  
  268 PRO    4182   4195     14   439     1  
  269 SER    4196   4206     11   440     1  
  270 PHE    4207   4226     20   441     1  
  271 GLU    4227   4241     15   442     1  
  272 ASP    4242   4253     12   443     1  
  273 MET    4254   4270     17   444     1  
  274 ARG    4271   4294     24   445     1  
  275 LYS    4295   4316     22   446     1  
  276 VAL    4317   4332     16   447     1  
  277 VAL    4333   4348     16   448     1  
  278 CYS    4349   4359     11   449     1  
  279 VAL    4360   4375     16   450     1  
  280 ASP    4376   4387     12   451     1  
  281 GLN    4388   4404     17   452     1  
  282 GLN    4405   4421     17   453     1  
  283 ARG    4422   4445     24   454     1  
  284 PRO    4446   4459     14   455     1  
  285 ASN    4460   4473     14   456     1  
  286 ILE    4474   4492     19   457     1  
  287 PRO    4493   4506     14   458     1  
  288 ASN    4507   4520     14   459     1  
  289 ARG    4521   4544     24   460     1  
  290 TRP    4545   4568     24   461     1  
  291 PHE    4569   4588     20   462     1  
  292 SER    4589   4599     11   463     1  
  293 ASP    4600   4611     12   464     1  
  294 PRO    4612   4625     14   465     1  
  295 THR    4626   4639     14   466     1  
  296 LEU    4640   4658     19   467     1  
  297 THR    4659   4672     14   468     1  
  298 SER    4673   4683     11   469     1  
  299 LEU    4684   4702     19   470     1  
  300 ALA    4703   4712     10   471     1  
  301 LYS    4713   4734     22   472     1  
  302 LEU    4735   4753     19   473     1  
  303 MET    4754   4770     17   474     1  
  304 LYS    4771   4792     22   475     1  
  305 GLU    4793   4807     15   476     1  
  306 CYS    4808   4818     11   477     1  
  307 TRP    4819   4842     24   478     1  
  308 TYR    4843   4863     21   479     1  
  309 GLN    4864   4880     17   480     1  
  310 ASN    4881   4894     14   481     1  
  311 PRO    4895   4908     14   482     1  
  312 SER    4909   4919     11   483     1  
  313 ALA    4920   4929     10   484     1  
  314 ARG    4930   4953     24   485     1  
  315 LEU    4954   4972     19   486     1  
  316 THR    4973   4986     14   487     1  
  317 ALA    4987   4996     10   488     1  
  318 LEU    4997   5015     19   489     1  
  319 ARG    5016   5039     24   490     1  
  320 ILE    5040   5058     19   491     1  
  321 LYS    5059   5080     22   492     1  
  322 LYS    5081   5102     22   493     1  
  323 THR    5103   5116     14   494     1  
  324 LEU    5117   5135     19   495     1  
  325 THR    5136   5149     14   496     1  
  326 LYS    5150   5171     22   497     1  
  327 ILE    5172   5190     19   498     1  
  328 ASP    5191   5203     13   499     1  
  329 GLY    5204   5212      9     2     2  
  330 VAL    5213   5228     16     3     2  
  331 GLN    5229   5245     17     4     2  
  332 VAL    5246   5261     16     5     2  
  333 GLU    5262   5276     15     6     2  
  334 THR    5277   5290     14     7     2  
  335 ILE    5291   5309     19     8     2  
  336 SER    5310   5320     11     9     2  
  337 PRO    5321   5334     14    10     2  
  338 GLY    5335   5341      7    11     2  
  339 ASP    5342   5353     12    12     2  
  340 GLY    5354   5360      7    13     2  
  341 ARG    5361   5384     24    14     2  
  342 THR    5385   5398     14    15     2  
  343 PHE    5399   5418     20    16     2  
  344 PRO    5419   5432     14    17     2  
  345 LYS    5433   5454     22    18     2  
  346 ARG    5455   5478     24    19     2  
  347 GLY    5479   5485      7    20     2  
  348 GLN    5486   5502     17    21     2  
  349 THR    5503   5516     14    22     2  
  350 CYS    5517   5527     11    23     2  
  351 VAL    5528   5543     16    24     2  
  352 VAL    5544   5559     16    25     2  
  353 HSD    5560   5576     17    26     2  
  354 TYR    5577   5597     21    27     2  
  355 THR    5598   5611     14    28     2  
  356 GLY    5612   5618      7    29     2  
  357 MET    5619   5635     17    30     2  
  358 LEU    5636   5654     19    31     2  
  359 GLU    5655   5669     15    32     2  
  360 ASP    5670   5681     12    33     2  
  361 GLY    5682   5688      7    34     2  
  362 LYS    5689   5710     22    35     2  
  363 LYS    5711   5732     22    36     2  
  364 PHE    5733   5752     20    37     2  
  365 ASP    5753   5764     12    38     2  
  366 SER    5765   5775     11    39     2  
  367 SER    5776   5786     11    40     2  
  368 ARG    5787   5810     24    41     2  
  369 ASP    5811   5822     12    42     2  
  370 ARG    5823   5846     24    43     2  
  371 ASN    5847   5860     14    44     2  
  372 LYS    5861   5882     22    45     2  
  373 PRO    5883   5896     14    46     2  
  374 PHE    5897   5916     20    47     2  
  375 LYS    5917   5938     22    48     2  
  376 PHE    5939   5958     20    49     2  
  377 MET    5959   5975     17    50     2  
  378 LEU    5976   5994     19    51     2  
  379 GLY    5995   6001      7    52     2  
  380 LYS    6002   6023     22    53     2  
  381 GLN    6024   6040     17    54     2  
  382 GLU    6041   6055     15    55     2  
  383 VAL    6056   6071     16    56     2  
  384 ILE    6072   6090     19    57     2  
  385 ARG    6091   6114     24    58     2  
  386 GLY    6115   6121      7    59     2  
  387 TRP    6122   6145     24    60     2  
  388 GLU    6146   6160     15    61     2  
  389 GLU    6161   6175     15    62     2  
  390 GLY    6176   6182      7    63     2  
  391 VAL    6183   6198     16    64     2  
  392 ALA    6199   6208     10    65     2  
  393 GLN    6209   6225     17    66     2  
  394 MET    6226   6242     17    67     2  
  395 SER    6243   6253     11    68     2  
  396 VAL    6254   6269     16    69     2  
  397 GLY    6270   6276      7    70     2  
  398 GLN    6277   6293     17    71     2  
  399 ARG    6294   6317     24    72     2  
  400 ALA    6318   6327     10    73     2  
  401 LYS    6328   6349     22    74     2  
  402 LEU    6350   6368     19    75     2  
  403 THR    6369   6382     14    76     2  
  404 ILE    6383   6401     19    77     2  
  405 SER    6402   6412     11    78     2  
  406 PRO    6413   6426     14    79     2  
  407 ASP    6427   6438     12    80     2  
  408 TYR    6439   6459     21    81     2  
  409 ALA    6460   6469     10    82     2  
  410 TYR    6470   6490     21    83     2  
  411 GLY    6491   6497      7    84     2  
  412 ALA    6498   6507     10    85     2  
  413 THR    6508   6521     14    86     2  
  414 GLY    6522   6528      7    87     2  
  415 HSD    6529   6545     17    88     2  
  416 PRO    6546   6559     14    89     2  
  417 GLY    6560   6566      7    90     2  
  418 ILE    6567   6585     19    91     2  
  419 ILE    6586   6604     19    92     2  
  420 PRO    6605   6618     14    93     2  
  421 PRO    6619   6632     14    94     2  
  422 HSD    6633   6649     17    95     2  
  423 ALA    6650   6659     10    96     2  
  424 THR    6660   6673     14    97     2  
  425 LEU    6674   6692     19    98     2  
  426 VAL    6693   6708     16    99     2  
  427 PHE    6709   6728     20   100     2  
  428 ASP    6729   6740     12   101     2  
  429 VAL    6741   6756     16   102     2  
  430 GLU    6757   6771     15   103     2  
  431 LEU    6772   6790     19   104     2  
  432 LEU    6791   6809     19   105     2  
  433 LYS    6810   6831     22   106     2  
  434 LEU    6832   6850     19   107     2  
  435 GLU    6851   6866     16   108     2  
