#Frame       SA_00001
       1   20747.9205
       2   21517.1457
       3   22058.3344
       4   22496.0196
       5   22513.6070
       6   22308.9886
       7   22479.0021
       8   21917.4456
       9   22664.5697
      10   22940.7668
      11   22562.1311
      12   21934.4534
      13   21962.6519
      14   22346.0196
      15   21858.4947
      16   21953.2066
      17   22120.2869
      18   22182.2159
      19   22036.1085
      20   22236.6808
      21   21789.7799
      22   22171.1639
      23   21790.9580
      24   22195.2558
      25   22354.1672
      26   21652.3731
      27   22365.4899
      28   22427.5904
      29   22042.3020
      30   22250.0568
      31   21836.7766
      32   22237.5412
      33   22161.9682
      34   22148.3792
      35   22556.2862
      36   22700.2255
      37   22184.0967
      38   21624.2617
      39   22354.6841
      40   22218.5075
      41   22190.7923
      42   22792.5655
      43   22371.7986
      44   21742.6484
      45   22127.1623
      46   21717.5250
      47   21560.5652
      48   21987.6935
      49   22144.7273
      50   21735.4277
