       1    1.0015
       2    1.0152
       3    1.0891
       4    1.0589
       5    1.1251
       6    0.9969
       7    1.1239
       8    1.0923
       9    1.1840
      10    1.1270
      11    1.1376
      12    0.9432
      13    0.9669
      14    0.9887
      15    1.0170
      16    1.1181
      17    1.1468
      18    1.1628
      19    1.0449
      20    1.0475
      21    1.0357
      22    1.0363
      23    1.0447
      24    1.1694
      25    1.0739
      26    1.0584
      27    0.9656
      28    0.8978
      29    0.9990
      30    1.0626
      31    1.0739
      32    1.0217
      33    1.0585
      34    1.1154
      35    1.0874
      36    0.9925
      37    1.0530
      38    0.9049
      39    0.9171
      40    0.8868
      41    0.8762
      42    0.9134
      43    0.9062
      44    0.9558
      45    1.0070
      46    0.9985
      47    1.0444
      48    1.0315
      49    0.9647
      50    0.9290
      51    1.0469
      52    1.0864
      53    1.0771
      54    0.9789
      55    1.0807
      56    1.0110
      57    0.9847
      58    0.9504
      59    0.9944
      60    1.0537
      61    0.9505
      62    1.0847
      63    1.1597
      64    1.1538
      65    1.1643
      66    1.0600
      67    0.9594
      68    0.8191
      69    0.8555
      70    0.8788
      71    0.8280
      72    0.8586
      73    0.9830
      74    1.0541
      75    0.8001
      76    0.9257
      77    0.8639
      78    1.0571
      79    1.0584
      80    1.1475
      81    1.1844
      82    0.9779
      83    1.0843
      84    1.1685
      85    1.1324
      86    1.1067
      87    1.0400
      88    1.0766
      89    1.2126
      90    1.2726
      91    1.2950
      92    1.0993
      93    1.0831
      94    0.9883
      95    0.9857
      96    0.9317
      97    1.0296
      98    0.9495
      99    1.1599
     100    1.1313
     101    1.0918
     102    0.9174
     103    0.8177
     104    0.8088
     105    0.9780
     106    1.0092
     107    0.8365
     108    0.8933
     109    0.8175
     110    0.8944
     111    0.7292
     112    0.6911
     113    0.7558
     114    0.8709
     115    0.9022
     116    0.8772
     117    0.7213
     118    0.7499
     119    0.7766
     120    0.8127
     121    0.8479
     122    0.9017
     123    0.8350
     124    0.9655
     125    1.0957
     126    1.3030
     127    1.3332
     128    1.3537
     129    1.1888
     130    1.1809
     131    0.9698
     132    0.9961
     133    0.8632
     134    0.8460
     135    0.8532
     136    0.7244
     137    0.8591
     138    0.7426
     139    0.8146
     140    0.7909
     141    0.7870
     142    0.8614
     143    0.7646
     144    0.7112
     145    0.8080
     146    0.8544
     147    0.8326
     148    0.7312
     149    0.8041
     150    0.9589
     151    0.9828
     152    0.8757
     153    0.9390
     154    0.9232
     155    0.8018
     156    0.7810
     157    0.7867
     158    0.6851
     159    0.7211
     160    0.7471
     161    0.7136
     162    0.7309
     163    0.8977
     164    0.8026
     165    0.8282
     166    0.8863
     167    0.8436
     168    0.8660
     169    0.7568
     170    0.6263
     171    0.7691
     172    0.8561
     173    0.7489
     174    0.8046
     175    0.8269
     176    0.9117
     177    0.7985
     178    0.8003
     179    0.7858
     180    0.7708
     181    0.8884
     182    0.8410
     183    0.8427
     184    0.9114
     185    0.9134
     186    0.8537
     187    0.7894
     188    0.8418
     189    0.8372
     190    0.8332
     191    0.8374
     192    0.8870
     193    0.8151
     194    0.8122
     195    0.8908
     196    0.7936
     197    0.9083
     198    0.8577
     199    0.8741
     200    0.8243
     201    0.9053
     202    1.0088
     203    0.8654
     204    0.9466
     205    1.0164
     206    0.9156
     207    1.0338
     208    1.0538
     209    0.9632
     210    1.1658
     211    1.1805
     212    1.0032
     213    0.8959
     214    0.9786
     215    0.8863
     216    0.9583
     217    1.0511
     218    1.1100
     219    0.9780
     220    0.9554
     221    1.0105
     222    0.9992
     223    0.9511
     224    0.9204
     225    0.8907
     226    0.8935
     227    0.9501
     228    0.8331
     229    0.7699
     230    0.7541
     231    0.7858
     232    1.0155
     233    0.9204
     234    0.9800
     235    0.9179
     236    0.8264
     237    0.9343
     238    0.8963
     239    0.9388
     240    0.8300
     241    0.8660
     242    0.7359
     243    0.7797
     244    0.7988
     245    0.8005
     246    0.7895
     247    0.7295
     248    0.7612
     249    0.8070
     250    0.7706
     251    0.7380
     252    0.8267
     253    0.7536
     254    0.8200
     255    0.8099
     256    0.9473
     257    0.9779
     258    0.9321
     259    0.9641
     260    0.9877
     261    1.0103
     262    0.9392
     263    1.0500
     264    0.8762
     265    0.8200
     266    0.7964
     267    0.7378
     268    0.8156
     269    0.8180
     270    0.8353
     271    0.6961
     272    0.7302
     273    0.7528
     274    0.8189
     275    0.8646
     276    0.7052
     277    0.8691
     278    0.8232
     279    0.8173
     280    0.8038
     281    0.9182
     282    0.9722
     283    0.8718
     284    0.9340
     285    0.8580
     286    0.8487
     287    0.7485
     288    0.8070
     289    0.8969
     290    0.8318
     291    0.8045
     292    1.0778
     293    1.0284
     294    0.9139
     295    0.8231
     296    0.8794
     297    0.9484
     298    0.9634
     299    0.8775
     300    0.7879
     301    0.7457
     302    0.7499
     303    0.8113
     304    0.8567
     305    0.7860
     306    0.7989
     307    0.7363
     308    0.6999
     309    0.7391
     310    0.9163
     311    0.9177
     312    0.8883
     313    0.8537
     314    0.7757
     315    0.6587
     316    0.6219
     317    0.6434
     318    0.6652
     319    0.6520
     320    0.6317
     321    0.8500
     322    0.7261
     323    0.6500
     324    0.8017
     325    0.7355
     326    0.6892
     327    0.6393
     328    0.7173
     329    0.9186
     330    0.7380
     331    0.6713
     332    0.6307
     333    0.6314
     334    0.6710
     335    0.6481
     336    0.6379
     337    0.6848
     338    0.7606
     339    0.8376
     340    0.8488
     341    0.8527
     342    0.8097
     343    0.8714
     344    0.8063
     345    0.7578
     346    0.8178
     347    0.8044
     348    0.7421
     349    0.8571
     350    0.8909
     351    0.8619
     352    0.8728
     353    0.9233
     354    0.7899
     355    0.7701
     356    0.8030
     357    0.8453
     358    0.8064
     359    0.8573
     360    0.9429
     361    1.0493
     362    0.9768
     363    0.7990
     364    0.9026
     365    0.8453
     366    0.8333
     367    0.8333
     368    0.7463
     369    0.9198
     370    0.9550
     371    0.9091
     372    0.8228
     373    0.7108
     374    0.6992
     375    0.7330
     376    0.7772
     377    0.7799
     378    0.6924
     379    0.7656
     380    0.7344
     381    0.8590
     382    0.8449
     383    0.8515
     384    0.7650
     385    0.9352
     386    1.0433
     387    0.9438
     388    0.9754
     389    1.2390
     390    1.2665
     391    1.1743
     392    1.1429
     393    1.0467
     394    1.0618
     395    0.9934
     396    0.8840
     397    0.8563
     398    0.8608
     399    0.8315
     400    0.7143
     401    0.6785
     402    0.7413
     403    0.7514
     404    0.8143
     405    0.8510
     406    0.7525
     407    0.7134
     408    0.8121
     409    0.8124
     410    0.8535
     411    0.7939
     412    0.7776
     413    0.7739
     414    0.7402
     415    0.7079
     416    0.7087
     417    0.6976
     418    0.7144
     419    0.7449
     420    0.7808
     421    0.7442
     422    0.6987
     423    0.7686
     424    0.8141
     425    0.7417
     426    0.7144
     427    0.6661
     428    0.7733
     429    0.7906
     430    0.8293
     431    0.8332
     432    0.8624
     433    0.8797
     434    0.9154
     435    0.8698
     436    0.8165
     437    0.8044
     438    0.7086
     439    0.6790
     440    0.6542
     441    0.7879
     442    0.7732
     443    0.7405
     444    0.7668
     445    0.8010
     446    0.7947
     447    0.7509
     448    0.7988
     449    0.7644
     450    0.7426
     451    0.9152
     452    0.8433
     453    0.8075
     454    0.7876
     455    0.7124
     456    0.6299
     457    0.7242
     458    0.6669
     459    0.6446
     460    0.6119
     461    0.8375
     462    0.8957
     463    0.8854
     464    0.7268
     465    0.7415
     466    0.6389
     467    0.6734
     468    0.7185
     469    0.6924
     470    0.7765
     471    0.8705
     472    0.8947
     473    0.8345
     474    0.8121
     475    0.9437
     476    0.9942
     477    0.8813
     478    0.8246
     479    0.8148
     480    0.7959
     481    0.7912
     482    0.7793
     483    0.6425
     484    0.6338
     485    0.7290
     486    0.7271
     487    0.6183
     488    0.6327
     489    0.6752
     490    0.7037
     491    0.7019
     492    0.6168
     493    0.7929
     494    0.7917
     495    0.8255
     496    0.8050
     497    0.7870
     498    0.7628
     499    0.7812
     500    0.7567
     501    0.7688
     502    0.7707
     503    0.8050
     504    0.7475
     505    0.8025
     506    0.8955
     507    0.8809
     508    0.9899
     509    0.8760
     510    0.9209
     511    0.8768
     512    0.8026
     513    0.8677
     514    0.8048
     515    0.7204
     516    0.7934
     517    0.7281
     518    0.6989
     519    0.7323
     520    0.6568
     521    0.7464
     522    0.7134
     523    0.6899
     524    0.6778
     525    0.7347
     526    0.9051
     527    0.8516
     528    0.9087
     529    1.0372
     530    1.0448
     531    1.1633
     532    1.0987
     533    1.0260
     534    1.1987
     535    1.1386
     536    1.1189
     537    1.1242
     538    1.2865
     539    1.3151
     540    1.1094
     541    1.2037
     542    1.2748
     543    1.1762
     544    1.0509
     545    1.0156
     546    0.9177
     547    0.8245
     548    0.9211
     549    0.9770
     550    1.1509
     551    1.2178
     552    1.3959
     553    1.3122
     554    1.2333
     555    1.1994
     556    1.2715
     557    1.1118
     558    1.2113
     559    1.2856
     560    1.0445
     561    0.8772
     562    0.8559
     563    0.8989
     564    0.9571
     565    0.9212
     566    1.0785
     567    0.9287
     568    0.9052
     569    0.8017
     570    0.7623
     571    0.6868
     572    0.7397
     573    0.8156
     574    0.8114
     575    0.8930
     576    0.7725
     577    0.7579
     578    0.6572
     579    0.6287
     580    0.7224
     581    0.7645
     582    0.8466
     583    0.8608
     584    0.8573
     585    0.6251
     586    0.7188
     587    0.9130
     588    0.8721
     589    0.9174
     590    1.0095
     591    1.0587
     592    1.0007
     593    0.9328
     594    0.9956
     595    0.9701
     596    1.0071
     597    1.0005
     598    0.8343
     599    0.8679
     600    0.9317
     601    1.0178
     602    0.9922
     603    0.8494
     604    0.7522
     605    0.7862
     606    0.7398
     607    0.7686
     608    0.7618
     609    0.7265
     610    0.7541
     611    0.7696
     612    0.7090
     613    0.7523
     614    0.7213
     615    0.7113
     616    0.6975
     617    0.8474
     618    0.8530
     619    0.8343
     620    0.8105
     621    0.8724
     622    0.7417
     623    0.7995
     624    1.0007
     625    1.0697
     626    0.8649
     627    0.7407
     628    0.8076
     629    0.7830
     630    0.7888
     631    0.7516
     632    0.8930
     633    0.8199
     634    0.8372
     635    0.7791
     636    0.7621
     637    0.9026
     638    0.8204
     639    0.9314
     640    0.9889
     641    0.8939
     642    0.7691
     643    0.7433
     644    0.7620
     645    0.8095
     646    0.7596
     647    0.8071
     648    0.7703
     649    0.7608
     650    0.7347
     651    0.8276
     652    0.9048
     653    0.8770
     654    0.7192
     655    0.7121
     656    0.7486
     657    0.7674
     658    0.9177
     659    0.8569
     660    0.9024
     661    0.9019
     662    1.0580
     663    1.0365
     664    1.0477
     665    1.3017
     666    1.2509
     667    1.1303
     668    1.0167
     669    1.0306
     670    1.0315
     671    1.0053
     672    1.0324
     673    1.0275
     674    0.9964
     675    0.9025
     676    0.8809
     677    1.0847
     678    1.0061
     679    0.8157
     680    0.8492
     681    0.8346
     682    0.9726
     683    0.9094
     684    0.8177
     685    0.8244
     686    0.7908
     687    0.8101
     688    0.7861
     689    0.8132
     690    0.7463
     691    0.7132
     692    0.6983
     693    0.7571
     694    0.6766
     695    0.7804
     696    0.7509
     697    0.8438
     698    0.9638
     699    0.8541
     700    0.9343
     701    1.0282
     702    1.0101
     703    0.9028
     704    0.8945
     705    0.8410
     706    0.9675
     707    0.8427
     708    0.9748
     709    0.8424
     710    0.9142
     711    1.0371
     712    0.9643
     713    0.9624
     714    0.8194
     715    0.8384
     716    0.8387
     717    0.8216
     718    0.7662
     719    0.8208
     720    0.9340
     721    1.0332
     722    0.9106
     723    0.9425
     724    0.9097
     725    0.9812
     726    0.8423
     727    0.7821
     728    0.9055
     729    0.9612
     730    0.7166
     731    0.8865
     732    0.9858
     733    1.0237
     734    0.8610
     735    0.9322
     736    0.9017
     737    0.9188
     738    0.8012
     739    0.8031
     740    0.7910
     741    0.7819
     742    0.7597
     743    0.6831
     744    0.7998
     745    0.7707
     746    0.8164
     747    0.8386
     748    0.9174
     749    0.7394
     750    0.8807
     751    0.8760
     752    1.0138
     753    0.8767
     754    0.8460
     755    0.7233
     756    0.7784
     757    0.9294
     758    0.8494
     759    0.8688
     760    0.7462
     761    0.6864
     762    0.7694
     763    0.6880
     764    0.7188
     765    0.8136
     766    0.8210
     767    1.0658
     768    1.0644
     769    1.0838
     770    1.0107
     771    1.0108
     772    1.0078
     773    1.1276
     774    1.1951
     775    1.2995
     776    1.0402
     777    1.1859
     778    1.2263
     779    1.1542
     780    1.0060
     781    0.8985
     782    0.7618
     783    0.9895
     784    0.8789
     785    0.9878
     786    1.1155
     787    0.9852
     788    1.0454
     789    0.9549
     790    1.0038
     791    1.0094
     792    0.9400
     793    1.1242
     794    1.1097
     795    0.9956
     796    1.0934
     797    1.0283
     798    0.9146
     799    0.8815
     800    0.8098
     801    0.8359
     802    0.9021
     803    0.8442
     804    0.8786
     805    0.9246
     806    0.9453
     807    0.9619
     808    0.8759
     809    0.9431
     810    0.9077
     811    1.0114
     812    0.9896
     813    0.9224
     814    0.9360
     815    0.9344
     816    1.1986
     817    1.2185
     818    1.3291
     819    1.1055
     820    1.1146
     821    1.0306
     822    1.1385
     823    1.1358
     824    1.0262
     825    1.0558
     826    0.9205
     827    1.0221
     828    1.0124
     829    1.0473
     830    0.9123
     831    1.0671
     832    0.9273
     833    1.0687
     834    0.9780
     835    0.9100
     836    0.9121
     837    0.8892
     838    1.0629
     839    1.1213
     840    1.0250
     841    1.0755
     842    0.9821
     843    1.0717
     844    0.9449
     845    1.0552
     846    1.0811
     847    0.8641
     848    0.7779
     849    0.8254
     850    0.9207
     851    0.7141
     852    0.8404
     853    0.7784
     854    0.8324
     855    0.8571
     856    0.8153
     857    0.9888
     858    0.9592
     859    0.9988
     860    0.9477
     861    0.9792
     862    1.0559
     863    1.2570
     864    1.1657
     865    1.1362
     866    1.1437
     867    1.1645
     868    1.0433
     869    0.9550
     870    1.0080
     871    1.1622
     872    0.9335
     873    1.0656
     874    1.2144
     875    1.3891
     876    1.3736
     877    1.0445
     878    1.0133
     879    0.8864
     880    0.9897
     881    1.0871
     882    1.1775
     883    1.1596
     884    1.1287
     885    0.9875
     886    1.0115
     887    0.9777
     888    0.9479
     889    0.9901
     890    0.9178
     891    0.8273
     892    0.8127
     893    0.9571
     894    1.0032
     895    1.0424
     896    0.7859
     897    0.7885
     898    0.6944
     899    0.6548
     900    0.6540
     901    0.7653
     902    0.7825
     903    0.7640
     904    0.6787
     905    0.7327
     906    0.7997
     907    0.7897
     908    0.7828
     909    0.7488
     910    0.7158
     911    0.7829
     912    0.8119
     913    0.7608
     914    0.8323
     915    0.8081
     916    0.8035
     917    0.8287
     918    0.9054
     919    0.8352
     920    0.8434
     921    0.9826
     922    1.0072
     923    0.9772
     924    1.0934
     925    1.1727
     926    1.0131
     927    1.0672
     928    0.8923
     929    0.9571
     930    0.8805
     931    0.8789
     932    0.8625
     933    0.8357
     934    0.8299
     935    0.8436
     936    0.8279
     937    0.7946
     938    0.9346
     939    0.8464
     940    0.9288
     941    0.8551
     942    0.9052
     943    0.8347
     944    0.8613
     945    0.9907
     946    0.8646
     947    0.9247
     948    0.8624
     949    0.9938
     950    0.9522
     951    0.9197
     952    0.9149
     953    0.9460
     954    1.1560
     955    1.1584
     956    1.1288
     957    1.0131
     958    0.8569
     959    0.8138
     960    0.7642
     961    0.9017
     962    0.8682
     963    0.7140
     964    0.7845
     965    0.7420
     966    0.8535
     967    0.8105
     968    0.8321
     969    0.8695
     970    0.9295
     971    0.9843
     972    1.0306
     973    0.9424
     974    0.8547
     975    0.8199
     976    0.7954
     977    0.8338
     978    0.7736
     979    0.7543
     980    0.8432
     981    0.7841
     982    0.7471
     983    0.8138
     984    0.8391
     985    0.8135
     986    0.8072
     987    0.9932
     988    0.9219
     989    0.9087
     990    0.9272
     991    0.9658
     992    0.9405
     993    1.0022
     994    1.0332
     995    1.0053
     996    0.9718
     997    0.9816
     998    1.0039
     999    0.9805
