ResNum RESNAME First Last Natom RESID MolNum
    1 THR       1     16     16   172     1  
    2 THR      17     30     14   173     1  
    3 ASN      31     44     14   174     1  
    4 VAL      45     60     16   175     1  
    5 GLY      61     67      7   176     1  
    6 ASP      68     79     12   177     1  
    7 SER      80     90     11   178     1  
    8 THR      91    104     14   179     1  
    9 LEU     105    123     19   180     1  
   10 ALA     124    133     10   181     1  
   11 ASP     134    145     12   182     1  
   12 LEU     146    164     19   183     1  
   13 LEU     165    183     19   184     1  
   14 ASP     184    195     12   185     1  
   15 HSD     196    212     17   186     1  
   16 SER     213    223     11   187     1  
   17 CYS     224    234     11   188     1  
   18 THR     235    248     14   189     1  
   19 SER     249    259     11   190     1  
   20 GLY     260    266      7   191     1  
   21 SER     267    277     11   192     1  
   22 GLY     278    284      7   193     1  
   23 SER     285    295     11   194     1  
   24 GLY     296    302      7   195     1  
   25 LEU     303    321     19   196     1  
   26 PRO     322    335     14   197     1  
   27 PHE     336    355     20   198     1  
   28 LEU     356    374     19   199     1  
   29 VAL     375    390     16   200     1  
   30 GLN     391    407     17   201     1  
   31 ARG     408    431     24   202     1  
   32 THR     432    445     14   203     1  
   33 VAL     446    461     16   204     1  
   34 ALA     462    471     10   205     1  
   35 ARG     472    495     24   206     1  
   36 GLN     496    512     17   207     1  
   37 ILE     513    531     19   208     1  
   38 THR     532    545     14   209     1  
   39 LEU     546    564     19   210     1  
   40 LEU     565    583     19   211     1  
   41 GLU     584    598     15   212     1  
   42 CYS     599    609     11   213     1  
   43 VAL     610    625     16   214     1  
   44 GLY     626    632      7   215     1  
   45 LYS     633    654     22   216     1  
   46 GLY     655    661      7   217     1  
   47 ARG     662    685     24   218     1  
   48 TYR     686    706     21   219     1  
   49 GLY     707    713      7   220     1  
   50 GLU     714    728     15   221     1  
   51 VAL     729    744     16   222     1  
   52 TRP     745    768     24   223     1  
   53 ARG     769    792     24   224     1  
   54 GLY     793    799      7   225     1  
   55 SER     800    810     11   226     1  
   56 TRP     811    834     24   227     1  
   57 GLN     835    851     17   228     1  
   58 GLY     852    858      7   229     1  
   59 GLU     859    873     15   230     1  
   60 ASN     874    887     14   231     1  
   61 VAL     888    903     16   232     1  
   62 ALA     904    913     10   233     1  
   63 VAL     914    929     16   234     1  
   64 LYS     930    951     22   235     1  
   65 ILE     952    970     19   236     1  
   66 PHE     971    990     20   237     1  
   67 SER     991   1001     11   238     1  
   68 SER    1002   1012     11   239     1  
   69 ARG    1013   1036     24   240     1  
   70 ASP    1037   1048     12   241     1  
   71 GLU    1049   1063     15   242     1  
   72 LYS    1064   1085     22   243     1  
   73 SER    1086   1096     11   244     1  
   74 TRP    1097   1120     24   245     1  
   75 PHE    1121   1140     20   246     1  
   76 ARG    1141   1164     24   247     1  
   77 GLU    1165   1179     15   248     1  
   78 THR    1180   1193     14   249     1  
   79 GLU    1194   1208     15   250     1  
   80 LEU    1209   1227     19   251     1  
   81 TYR    1228   1248     21   252     1  
   82 ASN    1249   1262     14   253     1  
   83 THR    1263   1276     14   254     1  
   84 VAL    1277   1292     16   255     1  
   85 MET    1293   1309     17   256     1  
   86 LEU    1310   1328     19   257     1  
   87 ARG    1329   1352     24   258     1  
   88 HSD    1353   1369     17   259     1  
   89 GLU    1370   1384     15   260     1  
   90 ASN    1385   1398     14   261     1  
   91 ILE    1399   1417     19   262     1  
   92 LEU    1418   1436     19   263     1  
   93 GLY    1437   1443      7   264     1  
   94 PHE    1444   1463     20   265     1  
   95 ILE    1464   1482     19   266     1  
   96 ALA    1483   1492     10   267     1  
   97 SER    1493   1503     11   268     1  
   98 ASP    1504   1515     12   269     1  
   99 MET    1516   1532     17   270     1  
  100 THR    1533   1546     14   271     1  
  101 SER    1547   1557     11   272     1  
  102 ARG    1558   1581     24   273     1  
  103 HSD    1582   1598     17   274     1  
  104 SER    1599   1609     11   275     1  
  105 SER    1610   1620     11   276     1  
  106 THR    1621   1634     14   277     1  
  107 GLN    1635   1651     17   278     1  
  108 LEU    1652   1670     19   279     1  
  109 TRP    1671   1694     24   280     1  
  110 LEU    1695   1713     19   281     1  
  111 ILE    1714   1732     19   282     1  
  112 THR    1733   1746     14   283     1  
  113 HSD    1747   1763     17   284     1  
  114 TYR    1764   1784     21   285     1  
  115 HSD    1785   1801     17   286     1  
  116 GLU    1802   1816     15   287     1  
  117 MET    1817   1833     17   288     1  
  118 GLY    1834   1840      7   289     1  
  119 SER    1841   1851     11   290     1  
  120 LEU    1852   1870     19   291     1  
  121 TYR    1871   1891     21   292     1  
  122 ASP    1892   1903     12   293     1  
  123 TYR    1904   1924     21   294     1  
  124 LEU    1925   1943     19   295     1  
  125 GLN    1944   1960     17   296     1  
  126 LEU    1961   1979     19   297     1  
  127 THR    1980   1993     14   298     1  
  128 THR    1994   2007     14   299     1  
  129 LEU    2008   2026     19   300     1  
  130 ASP    2027   2038     12   301     1  
  131 THR    2039   2052     14   302     1  
  132 VAL    2053   2068     16   303     1  
  133 SER    2069   2079     11   304     1  
  134 CYS    2080   2090     11   305     1  
  135 LEU    2091   2109     19   306     1  
  136 ARG    2110   2133     24   307     1  
  137 ILE    2134   2152     19   308     1  
  138 VAL    2153   2168     16   309     1  
  139 LEU    2169   2187     19   310     1  
  140 SER    2188   2198     11   311     1  
  141 ILE    2199   2217     19   312     1  
  142 ALA    2218   2227     10   313     1  
  143 SER    2228   2238     11   314     1  
  144 GLY    2239   2245      7   315     1  
  145 LEU    2246   2264     19   316     1  
  146 ALA    2265   2274     10   317     1  
  147 HSD    2275   2291     17   318     1  
  148 LEU    2292   2310     19   319     1  
  149 HSD    2311   2327     17   320     1  
  150 ILE    2328   2346     19   321     1  
  151 GLU    2347   2361     15   322     1  
  152 ILE    2362   2380     19   323     1  
  153 PHE    2381   2400     20   324     1  
  154 GLY    2401   2407      7   325     1  
  155 THR    2408   2421     14   326     1  
  156 GLN    2422   2438     17   327     1  
  157 GLY    2439   2445      7   328     1  
  158 LYS    2446   2467     22   329     1  
  159 PRO    2468   2481     14   330     1  
  160 ALA    2482   2491     10   331     1  
  161 ILE    2492   2510     19   332     1  
  162 ALA    2511   2520     10   333     1  
  163 HSD    2521   2537     17   334     1  
  164 ARG    2538   2561     24   335     1  
  165 ASP    2562   2573     12   336     1  
  166 LEU    2574   2592     19   337     1  
  167 LYS    2593   2614     22   338     1  
  168 SER    2615   2625     11   339     1  
  169 LYS    2626   2647     22   340     1  
  170 ASN    2648   2661     14   341     1  
  171 ILE    2662   2680     19   342     1  
  172 LEU    2681   2699     19   343     1  
  173 VAL    2700   2715     16   344     1  
  174 LYS    2716   2737     22   345     1  
  175 LYS    2738   2759     22   346     1  
  176 ASN    2760   2773     14   347     1  
  177 GLY    2774   2780      7   348     1  
  178 GLN    2781   2797     17   349     1  
  179 CYS    2798   2808     11   350     1  
  180 CYS    2809   2819     11   351     1  
  181 ILE    2820   2838     19   352     1  
  182 ALA    2839   2848     10   353     1  
  183 ASP    2849   2860     12   354     1  
  184 LEU    2861   2879     19   355     1  
  185 GLY    2880   2886      7   356     1  
  186 LEU    2887   2905     19   357     1  
  187 ALA    2906   2915     10   358     1  
  188 VAL    2916   2931     16   359     1  
  189 MET    2932   2948     17   360     1  
  190 HSD    2949   2965     17   361     1  
  191 SER    2966   2976     11   362     1  
  192 GLN    2977   2993     17   363     1  
  193 SER    2994   3004     11   364     1  
  194 THR    3005   3018     14   365     1  
  195 ASN    3019   3032     14   366     1  
  196 GLN    3033   3049     17   367     1  
  197 LEU    3050   3068     19   368     1  
  198 ASP    3069   3080     12   369     1  
  199 VAL    3081   3096     16   370     1  
  200 GLY    3097   3103      7   371     1  
  201 ASN    3104   3117     14   372     1  
  202 ASN    3118   3131     14   373     1  
  203 PRO    3132   3145     14   374     1  
  204 ARG    3146   3169     24   375     1  
  205 VAL    3170   3185     16   376     1  
  206 GLY    3186   3192      7   377     1  
  207 THR    3193   3206     14   378     1  
  208 LYS    3207   3228     22   379     1  
  209 ARG    3229   3252     24   380     1  
  210 TYR    3253   3273     21   381     1  
  211 MET    3274   3290     17   382     1  
  212 ALA    3291   3300     10   383     1  
  213 PRO    3301   3314     14   384     1  
  214 GLU    3315   3329     15   385     1  
  215 VAL    3330   3345     16   386     1  
  216 LEU    3346   3364     19   387     1  
  217 ASP    3365   3376     12   388     1  
  218 GLU    3377   3391     15   389     1  
  219 THR    3392   3405     14   390     1  
  220 ILE    3406   3424     19   391     1  
  221 GLN    3425   3441     17   392     1  
  222 VAL    3442   3457     16   393     1  
  223 ASP    3458   3469     12   394     1  
  224 CYS    3470   3480     11   395     1  
  225 PHE    3481   3500     20   396     1  
  226 ASP    3501   3512     12   397     1  
  227 SER    3513   3523     11   398     1  
  228 TYR    3524   3544     21   399     1  
  229 LYS    3545   3566     22   400     1  
  230 ARG    3567   3590     24   401     1  
  231 VAL    3591   3606     16   402     1  
  232 ASP    3607   3618     12   403     1  
  233 ILE    3619   3637     19   404     1  
  234 TRP    3638   3661     24   405     1  
  235 ALA    3662   3671     10   406     1  
  236 PHE    3672   3691     20   407     1  
  237 GLY    3692   3698      7   408     1  
  238 LEU    3699   3717     19   409     1  
  239 VAL    3718   3733     16   410     1  
  240 LEU    3734   3752     19   411     1  
  241 TRP    3753   3776     24   412     1  
  242 GLU    3777   3791     15   413     1  
  243 VAL    3792   3807     16   414     1  
  244 ALA    3808   3817     10   415     1  
  245 ARG    3818   3841     24   416     1  
  246 ARG    3842   3865     24   417     1  
  247 MET    3866   3882     17   418     1  
  248 VAL    3883   3898     16   419     1  
  249 SER    3899   3909     11   420     1  
  250 ASN    3910   3923     14   421     1  
  251 GLY    3924   3930      7   422     1  
  252 ILE    3931   3949     19   423     1  
  253 VAL    3950   3965     16   424     1  
  254 GLU    3966   3980     15   425     1  
  255 ASP    3981   3992     12   426     1  
  256 TYR    3993   4013     21   427     1  
  257 LYS    4014   4035     22   428     1  
  258 PRO    4036   4049     14   429     1  
  259 PRO    4050   4063     14   430     1  
  260 PHE    4064   4083     20   431     1  
  261 TYR    4084   4104     21   432     1  
  262 ASP    4105   4116     12   433     1  
  263 VAL    4117   4132     16   434     1  
  264 VAL    4133   4148     16   435     1  
  265 PRO    4149   4162     14   436     1  
  266 ASN    4163   4176     14   437     1  
  267 ASP    4177   4188     12   438     1  
  268 PRO    4189   4202     14   439     1  
  269 SER    4203   4213     11   440     1  
  270 PHE    4214   4233     20   441     1  
  271 GLU    4234   4248     15   442     1  
  272 ASP    4249   4260     12   443     1  
  273 MET    4261   4277     17   444     1  
  274 ARG    4278   4301     24   445     1  
  275 LYS    4302   4323     22   446     1  
  276 VAL    4324   4339     16   447     1  
  277 VAL    4340   4355     16   448     1  
  278 CYS    4356   4366     11   449     1  
  279 VAL    4367   4382     16   450     1  
  280 ASP    4383   4394     12   451     1  
  281 GLN    4395   4411     17   452     1  
  282 GLN    4412   4428     17   453     1  
  283 ARG    4429   4452     24   454     1  
  284 PRO    4453   4466     14   455     1  
  285 ASN    4467   4480     14   456     1  
  286 ILE    4481   4499     19   457     1  
  287 PRO    4500   4513     14   458     1  
  288 ASN    4514   4527     14   459     1  
  289 ARG    4528   4551     24   460     1  
  290 TRP    4552   4575     24   461     1  
  291 PHE    4576   4595     20   462     1  
  292 SER    4596   4606     11   463     1  
  293 ASP    4607   4618     12   464     1  
  294 PRO    4619   4632     14   465     1  
  295 THR    4633   4646     14   466     1  
  296 LEU    4647   4665     19   467     1  
  297 THR    4666   4679     14   468     1  
  298 SER    4680   4690     11   469     1  
  299 LEU    4691   4709     19   470     1  
  300 ALA    4710   4719     10   471     1  
  301 LYS    4720   4741     22   472     1  
  302 LEU    4742   4760     19   473     1  
  303 MET    4761   4777     17   474     1  
  304 LYS    4778   4799     22   475     1  
  305 GLU    4800   4814     15   476     1  
  306 CYS    4815   4825     11   477     1  
  307 TRP    4826   4849     24   478     1  
  308 TYR    4850   4870     21   479     1  
  309 GLN    4871   4887     17   480     1  
  310 ASN    4888   4901     14   481     1  
  311 PRO    4902   4915     14   482     1  
  312 SER    4916   4926     11   483     1  
  313 ALA    4927   4936     10   484     1  
  314 ARG    4937   4960     24   485     1  
  315 LEU    4961   4979     19   486     1  
  316 THR    4980   4993     14   487     1  
  317 ALA    4994   5003     10   488     1  
  318 LEU    5004   5022     19   489     1  
  319 ARG    5023   5046     24   490     1  
  320 ILE    5047   5065     19   491     1  
  321 LYS    5066   5087     22   492     1  
  322 LYS    5088   5109     22   493     1  
  323 THR    5110   5123     14   494     1  
  324 LEU    5124   5142     19   495     1  
  325 THR    5143   5156     14   496     1  
  326 LYS    5157   5178     22   497     1  
  327 ILE    5179   5197     19   498     1  
  328 ASP    5198   5210     13   499     1  
  329 GLY    5211   5219      9     2     2  
  330 VAL    5220   5235     16     3     2  
  331 GLN    5236   5252     17     4     2  
  332 VAL    5253   5268     16     5     2  
  333 GLU    5269   5283     15     6     2  
  334 THR    5284   5297     14     7     2  
  335 ILE    5298   5316     19     8     2  
  336 SER    5317   5327     11     9     2  
  337 PRO    5328   5341     14    10     2  
  338 GLY    5342   5348      7    11     2  
  339 ASP    5349   5360     12    12     2  
  340 GLY    5361   5367      7    13     2  
  341 ARG    5368   5391     24    14     2  
  342 THR    5392   5405     14    15     2  
  343 PHE    5406   5425     20    16     2  
  344 PRO    5426   5439     14    17     2  
  345 LYS    5440   5461     22    18     2  
  346 ARG    5462   5485     24    19     2  
  347 GLY    5486   5492      7    20     2  
  348 GLN    5493   5509     17    21     2  
  349 THR    5510   5523     14    22     2  
  350 CYS    5524   5534     11    23     2  
  351 VAL    5535   5550     16    24     2  
  352 VAL    5551   5566     16    25     2  
  353 HSD    5567   5583     17    26     2  
  354 TYR    5584   5604     21    27     2  
  355 THR    5605   5618     14    28     2  
  356 GLY    5619   5625      7    29     2  
  357 MET    5626   5642     17    30     2  
  358 LEU    5643   5661     19    31     2  
  359 GLU    5662   5676     15    32     2  
  360 ASP    5677   5688     12    33     2  
  361 GLY    5689   5695      7    34     2  
  362 LYS    5696   5717     22    35     2  
  363 LYS    5718   5739     22    36     2  
  364 PHE    5740   5759     20    37     2  
  365 ASP    5760   5771     12    38     2  
  366 SER    5772   5782     11    39     2  
  367 SER    5783   5793     11    40     2  
  368 ARG    5794   5817     24    41     2  
  369 ASP    5818   5829     12    42     2  
  370 ARG    5830   5853     24    43     2  
  371 ASN    5854   5867     14    44     2  
  372 LYS    5868   5889     22    45     2  
  373 PRO    5890   5903     14    46     2  
  374 PHE    5904   5923     20    47     2  
  375 LYS    5924   5945     22    48     2  
  376 PHE    5946   5965     20    49     2  
  377 MET    5966   5982     17    50     2  
  378 LEU    5983   6001     19    51     2  
  379 GLY    6002   6008      7    52     2  
  380 LYS    6009   6030     22    53     2  
  381 GLN    6031   6047     17    54     2  
  382 GLU    6048   6062     15    55     2  
  383 VAL    6063   6078     16    56     2  
  384 ILE    6079   6097     19    57     2  
  385 ARG    6098   6121     24    58     2  
  386 GLY    6122   6128      7    59     2  
  387 TRP    6129   6152     24    60     2  
  388 GLU    6153   6167     15    61     2  
  389 GLU    6168   6182     15    62     2  
  390 GLY    6183   6189      7    63     2  
  391 VAL    6190   6205     16    64     2  
  392 ALA    6206   6215     10    65     2  
  393 GLN    6216   6232     17    66     2  
  394 MET    6233   6249     17    67     2  
  395 SER    6250   6260     11    68     2  
  396 VAL    6261   6276     16    69     2  
  397 GLY    6277   6283      7    70     2  
  398 GLN    6284   6300     17    71     2  
  399 ARG    6301   6324     24    72     2  
  400 ALA    6325   6334     10    73     2  
  401 LYS    6335   6356     22    74     2  
  402 LEU    6357   6375     19    75     2  
  403 THR    6376   6389     14    76     2  
  404 ILE    6390   6408     19    77     2  
  405 SER    6409   6419     11    78     2  
  406 PRO    6420   6433     14    79     2  
  407 ASP    6434   6445     12    80     2  
  408 TYR    6446   6466     21    81     2  
  409 ALA    6467   6476     10    82     2  
  410 TYR    6477   6497     21    83     2  
  411 GLY    6498   6504      7    84     2  
  412 ALA    6505   6514     10    85     2  
  413 THR    6515   6528     14    86     2  
  414 GLY    6529   6535      7    87     2  
  415 HSD    6536   6552     17    88     2  
  416 PRO    6553   6566     14    89     2  
  417 GLY    6567   6573      7    90     2  
  418 ILE    6574   6592     19    91     2  
  419 ILE    6593   6611     19    92     2  
  420 PRO    6612   6625     14    93     2  
  421 PRO    6626   6639     14    94     2  
  422 HSD    6640   6656     17    95     2  
  423 ALA    6657   6666     10    96     2  
  424 THR    6667   6680     14    97     2  
  425 LEU    6681   6699     19    98     2  
  426 VAL    6700   6715     16    99     2  
  427 PHE    6716   6735     20   100     2  
  428 ASP    6736   6747     12   101     2  
  429 VAL    6748   6763     16   102     2  
  430 GLU    6764   6778     15   103     2  
  431 LEU    6779   6797     19   104     2  
  432 LEU    6798   6816     19   105     2  
  433 LYS    6817   6838     22   106     2  
  434 LEU    6839   6857     19   107     2  
  435 GLU    6858   6873     16   108     2  
