ResNum RESNAME First Last Natom RESID MolNum
    1 THR       1     16     16   172     1  
    2 THR      17     30     14   173     1  
    3 ASN      31     44     14   174     1  
    4 VAL      45     60     16   175     1  
    5 GLY      61     67      7   176     1  
    6 ASP      68     79     12   177     1  
    7 SER      80     90     11   178     1  
    8 THR      91    104     14   179     1  
    9 LEU     105    123     19   180     1  
   10 ALA     124    133     10   181     1  
   11 ASP     134    145     12   182     1  
   12 LEU     146    164     19   183     1  
   13 LEU     165    183     19   184     1  
   14 ASP     184    195     12   185     1  
   15 HSD     196    212     17   186     1  
   16 SER     213    223     11   187     1  
   17 CYS     224    234     11   188     1  
   18 THR     235    248     14   189     1  
   19 SER     249    259     11   190     1  
   20 GLY     260    266      7   191     1  
   21 SER     267    277     11   192     1  
   22 GLY     278    284      7   193     1  
   23 SER     285    295     11   194     1  
   24 GLY     296    302      7   195     1  
   25 LEU     303    321     19   196     1  
   26 PRO     322    335     14   197     1  
   27 PHE     336    355     20   198     1  
   28 LEU     356    374     19   199     1  
   29 VAL     375    390     16   200     1  
   30 GLN     391    407     17   201     1  
   31 ARG     408    431     24   202     1  
   32 THR     432    445     14   203     1  
   33 VAL     446    461     16   204     1  
   34 ALA     462    471     10   205     1  
   35 ARG     472    495     24   206     1  
   36 GLU     496    510     15   207     1  
   37 ILE     511    529     19   208     1  
   38 THR     530    543     14   209     1  
   39 LEU     544    562     19   210     1  
   40 LEU     563    581     19   211     1  
   41 GLU     582    596     15   212     1  
   42 CYS     597    607     11   213     1  
   43 VAL     608    623     16   214     1  
   44 GLY     624    630      7   215     1  
   45 LYS     631    652     22   216     1  
   46 GLY     653    659      7   217     1  
   47 ARG     660    683     24   218     1  
   48 TYR     684    704     21   219     1  
   49 GLY     705    711      7   220     1  
   50 GLU     712    726     15   221     1  
   51 VAL     727    742     16   222     1  
   52 TRP     743    766     24   223     1  
   53 ARG     767    790     24   224     1  
   54 GLY     791    797      7   225     1  
   55 SER     798    808     11   226     1  
   56 TRP     809    832     24   227     1  
   57 GLN     833    849     17   228     1  
   58 GLY     850    856      7   229     1  
   59 GLU     857    871     15   230     1  
   60 ASN     872    885     14   231     1  
   61 VAL     886    901     16   232     1  
   62 ALA     902    911     10   233     1  
   63 VAL     912    927     16   234     1  
   64 LYS     928    949     22   235     1  
   65 ILE     950    968     19   236     1  
   66 PHE     969    988     20   237     1  
   67 SER     989    999     11   238     1  
   68 SER    1000   1010     11   239     1  
   69 ARG    1011   1034     24   240     1  
   70 ASP    1035   1046     12   241     1  
   71 GLU    1047   1061     15   242     1  
   72 LYS    1062   1083     22   243     1  
   73 SER    1084   1094     11   244     1  
   74 TRP    1095   1118     24   245     1  
   75 PHE    1119   1138     20   246     1  
   76 ARG    1139   1162     24   247     1  
   77 GLU    1163   1177     15   248     1  
   78 THR    1178   1191     14   249     1  
   79 GLU    1192   1206     15   250     1  
   80 LEU    1207   1225     19   251     1  
   81 TYR    1226   1246     21   252     1  
   82 ASN    1247   1260     14   253     1  
   83 THR    1261   1274     14   254     1  
   84 VAL    1275   1290     16   255     1  
   85 MET    1291   1307     17   256     1  
   86 LEU    1308   1326     19   257     1  
   87 ARG    1327   1350     24   258     1  
   88 HSD    1351   1367     17   259     1  
   89 GLU    1368   1382     15   260     1  
   90 ASN    1383   1396     14   261     1  
   91 ILE    1397   1415     19   262     1  
   92 LEU    1416   1434     19   263     1  
   93 GLY    1435   1441      7   264     1  
   94 PHE    1442   1461     20   265     1  
   95 ILE    1462   1480     19   266     1  
   96 ALA    1481   1490     10   267     1  
   97 SER    1491   1501     11   268     1  
   98 ASP    1502   1513     12   269     1  
   99 MET    1514   1530     17   270     1  
  100 THR    1531   1544     14   271     1  
  101 SER    1545   1555     11   272     1  
  102 ARG    1556   1579     24   273     1  
  103 HSD    1580   1596     17   274     1  
  104 SER    1597   1607     11   275     1  
  105 SER    1608   1618     11   276     1  
  106 THR    1619   1632     14   277     1  
  107 GLN    1633   1649     17   278     1  
  108 LEU    1650   1668     19   279     1  
  109 TRP    1669   1692     24   280     1  
  110 LEU    1693   1711     19   281     1  
  111 ILE    1712   1730     19   282     1  
  112 THR    1731   1744     14   283     1  
  113 HSD    1745   1761     17   284     1  
  114 TYR    1762   1782     21   285     1  
  115 HSD    1783   1799     17   286     1  
  116 GLU    1800   1814     15   287     1  
  117 MET    1815   1831     17   288     1  
  118 GLY    1832   1838      7   289     1  
  119 SER    1839   1849     11   290     1  
  120 LEU    1850   1868     19   291     1  
  121 TYR    1869   1889     21   292     1  
  122 ASP    1890   1901     12   293     1  
  123 TYR    1902   1922     21   294     1  
  124 LEU    1923   1941     19   295     1  
  125 GLN    1942   1958     17   296     1  
  126 LEU    1959   1977     19   297     1  
  127 THR    1978   1991     14   298     1  
  128 THR    1992   2005     14   299     1  
  129 LEU    2006   2024     19   300     1  
  130 ASP    2025   2036     12   301     1  
  131 THR    2037   2050     14   302     1  
  132 VAL    2051   2066     16   303     1  
  133 SER    2067   2077     11   304     1  
  134 CYS    2078   2088     11   305     1  
  135 LEU    2089   2107     19   306     1  
  136 ARG    2108   2131     24   307     1  
  137 ILE    2132   2150     19   308     1  
  138 VAL    2151   2166     16   309     1  
  139 LEU    2167   2185     19   310     1  
  140 SER    2186   2196     11   311     1  
  141 ILE    2197   2215     19   312     1  
  142 ALA    2216   2225     10   313     1  
  143 SER    2226   2236     11   314     1  
  144 GLY    2237   2243      7   315     1  
  145 LEU    2244   2262     19   316     1  
  146 ALA    2263   2272     10   317     1  
  147 HSD    2273   2289     17   318     1  
  148 LEU    2290   2308     19   319     1  
  149 HSD    2309   2325     17   320     1  
  150 ILE    2326   2344     19   321     1  
  151 GLU    2345   2359     15   322     1  
  152 ILE    2360   2378     19   323     1  
  153 PHE    2379   2398     20   324     1  
  154 GLY    2399   2405      7   325     1  
  155 THR    2406   2419     14   326     1  
  156 GLN    2420   2436     17   327     1  
  157 GLY    2437   2443      7   328     1  
  158 LYS    2444   2465     22   329     1  
  159 PRO    2466   2479     14   330     1  
  160 ALA    2480   2489     10   331     1  
  161 ILE    2490   2508     19   332     1  
  162 ALA    2509   2518     10   333     1  
  163 HSD    2519   2535     17   334     1  
  164 ARG    2536   2559     24   335     1  
  165 ASP    2560   2571     12   336     1  
  166 LEU    2572   2590     19   337     1  
  167 LYS    2591   2612     22   338     1  
  168 SER    2613   2623     11   339     1  
  169 LYS    2624   2645     22   340     1  
  170 ASN    2646   2659     14   341     1  
  171 ILE    2660   2678     19   342     1  
  172 LEU    2679   2697     19   343     1  
  173 VAL    2698   2713     16   344     1  
  174 LYS    2714   2735     22   345     1  
  175 LYS    2736   2757     22   346     1  
  176 ASN    2758   2771     14   347     1  
  177 GLY    2772   2778      7   348     1  
  178 GLN    2779   2795     17   349     1  
  179 CYS    2796   2806     11   350     1  
  180 CYS    2807   2817     11   351     1  
  181 ILE    2818   2836     19   352     1  
  182 ALA    2837   2846     10   353     1  
  183 ASP    2847   2858     12   354     1  
  184 LEU    2859   2877     19   355     1  
  185 GLY    2878   2884      7   356     1  
  186 LEU    2885   2903     19   357     1  
  187 ALA    2904   2913     10   358     1  
  188 VAL    2914   2929     16   359     1  
  189 MET    2930   2946     17   360     1  
  190 HSD    2947   2963     17   361     1  
  191 SER    2964   2974     11   362     1  
  192 GLN    2975   2991     17   363     1  
  193 SER    2992   3002     11   364     1  
  194 THR    3003   3016     14   365     1  
  195 ASN    3017   3030     14   366     1  
  196 GLN    3031   3047     17   367     1  
  197 LEU    3048   3066     19   368     1  
  198 ASP    3067   3078     12   369     1  
  199 VAL    3079   3094     16   370     1  
  200 GLY    3095   3101      7   371     1  
  201 ASN    3102   3115     14   372     1  
  202 ASN    3116   3129     14   373     1  
  203 PRO    3130   3143     14   374     1  
  204 ARG    3144   3167     24   375     1  
  205 VAL    3168   3183     16   376     1  
  206 GLY    3184   3190      7   377     1  
  207 THR    3191   3204     14   378     1  
  208 LYS    3205   3226     22   379     1  
  209 ARG    3227   3250     24   380     1  
  210 TYR    3251   3271     21   381     1  
  211 MET    3272   3288     17   382     1  
  212 ALA    3289   3298     10   383     1  
  213 PRO    3299   3312     14   384     1  
  214 GLU    3313   3327     15   385     1  
  215 VAL    3328   3343     16   386     1  
  216 LEU    3344   3362     19   387     1  
  217 ASP    3363   3374     12   388     1  
  218 GLU    3375   3389     15   389     1  
  219 THR    3390   3403     14   390     1  
  220 ILE    3404   3422     19   391     1  
  221 GLN    3423   3439     17   392     1  
  222 VAL    3440   3455     16   393     1  
  223 ASP    3456   3467     12   394     1  
  224 CYS    3468   3478     11   395     1  
  225 PHE    3479   3498     20   396     1  
  226 ASP    3499   3510     12   397     1  
  227 SER    3511   3521     11   398     1  
  228 TYR    3522   3542     21   399     1  
  229 LYS    3543   3564     22   400     1  
  230 ARG    3565   3588     24   401     1  
  231 VAL    3589   3604     16   402     1  
  232 ASP    3605   3616     12   403     1  
  233 ILE    3617   3635     19   404     1  
  234 TRP    3636   3659     24   405     1  
  235 ALA    3660   3669     10   406     1  
  236 PHE    3670   3689     20   407     1  
  237 GLY    3690   3696      7   408     1  
  238 LEU    3697   3715     19   409     1  
  239 VAL    3716   3731     16   410     1  
  240 LEU    3732   3750     19   411     1  
  241 TRP    3751   3774     24   412     1  
  242 GLU    3775   3789     15   413     1  
  243 VAL    3790   3805     16   414     1  
  244 ALA    3806   3815     10   415     1  
  245 ARG    3816   3839     24   416     1  
  246 ARG    3840   3863     24   417     1  
  247 MET    3864   3880     17   418     1  
  248 VAL    3881   3896     16   419     1  
  249 SER    3897   3907     11   420     1  
  250 ASN    3908   3921     14   421     1  
  251 GLY    3922   3928      7   422     1  
  252 ILE    3929   3947     19   423     1  
  253 VAL    3948   3963     16   424     1  
  254 GLU    3964   3978     15   425     1  
  255 ASP    3979   3990     12   426     1  
  256 TYR    3991   4011     21   427     1  
  257 LYS    4012   4033     22   428     1  
  258 PRO    4034   4047     14   429     1  
  259 PRO    4048   4061     14   430     1  
  260 PHE    4062   4081     20   431     1  
  261 TYR    4082   4102     21   432     1  
  262 ASP    4103   4114     12   433     1  
  263 VAL    4115   4130     16   434     1  
  264 VAL    4131   4146     16   435     1  
  265 PRO    4147   4160     14   436     1  
  266 ASN    4161   4174     14   437     1  
  267 ASP    4175   4186     12   438     1  
  268 PRO    4187   4200     14   439     1  
  269 SER    4201   4211     11   440     1  
  270 PHE    4212   4231     20   441     1  
  271 GLU    4232   4246     15   442     1  
  272 ASP    4247   4258     12   443     1  
  273 MET    4259   4275     17   444     1  
  274 ARG    4276   4299     24   445     1  
  275 LYS    4300   4321     22   446     1  
  276 VAL    4322   4337     16   447     1  
  277 VAL    4338   4353     16   448     1  
  278 CYS    4354   4364     11   449     1  
  279 VAL    4365   4380     16   450     1  
  280 ASP    4381   4392     12   451     1  
  281 GLN    4393   4409     17   452     1  
  282 GLN    4410   4426     17   453     1  
  283 ARG    4427   4450     24   454     1  
  284 PRO    4451   4464     14   455     1  
  285 ASN    4465   4478     14   456     1  
  286 ILE    4479   4497     19   457     1  
  287 PRO    4498   4511     14   458     1  
  288 ASN    4512   4525     14   459     1  
  289 ARG    4526   4549     24   460     1  
  290 TRP    4550   4573     24   461     1  
  291 PHE    4574   4593     20   462     1  
  292 SER    4594   4604     11   463     1  
  293 ASP    4605   4616     12   464     1  
  294 PRO    4617   4630     14   465     1  
  295 THR    4631   4644     14   466     1  
  296 LEU    4645   4663     19   467     1  
  297 THR    4664   4677     14   468     1  
  298 SER    4678   4688     11   469     1  
  299 LEU    4689   4707     19   470     1  
  300 ALA    4708   4717     10   471     1  
  301 LYS    4718   4739     22   472     1  
  302 LEU    4740   4758     19   473     1  
  303 MET    4759   4775     17   474     1  
  304 LYS    4776   4797     22   475     1  
  305 GLU    4798   4812     15   476     1  
  306 CYS    4813   4823     11   477     1  
  307 TRP    4824   4847     24   478     1  
  308 TYR    4848   4868     21   479     1  
  309 GLN    4869   4885     17   480     1  
  310 ASN    4886   4899     14   481     1  
  311 PRO    4900   4913     14   482     1  
  312 SER    4914   4924     11   483     1  
  313 ALA    4925   4934     10   484     1  
  314 ARG    4935   4958     24   485     1  
  315 LEU    4959   4977     19   486     1  
  316 THR    4978   4991     14   487     1  
  317 ALA    4992   5001     10   488     1  
  318 LEU    5002   5020     19   489     1  
  319 ARG    5021   5044     24   490     1  
  320 ILE    5045   5063     19   491     1  
  321 LYS    5064   5085     22   492     1  
  322 LYS    5086   5107     22   493     1  
  323 THR    5108   5121     14   494     1  
  324 LEU    5122   5140     19   495     1  
  325 THR    5141   5154     14   496     1  
  326 LYS    5155   5176     22   497     1  
  327 ILE    5177   5195     19   498     1  
  328 ASP    5196   5208     13   499     1  
  329 GLY    5209   5217      9     2     2  
  330 VAL    5218   5233     16     3     2  
  331 GLN    5234   5250     17     4     2  
  332 VAL    5251   5266     16     5     2  
  333 GLU    5267   5281     15     6     2  
  334 THR    5282   5295     14     7     2  
  335 ILE    5296   5314     19     8     2  
  336 SER    5315   5325     11     9     2  
  337 PRO    5326   5339     14    10     2  
  338 GLY    5340   5346      7    11     2  
  339 ASP    5347   5358     12    12     2  
  340 GLY    5359   5365      7    13     2  
  341 ARG    5366   5389     24    14     2  
  342 THR    5390   5403     14    15     2  
  343 PHE    5404   5423     20    16     2  
  344 PRO    5424   5437     14    17     2  
  345 LYS    5438   5459     22    18     2  
  346 ARG    5460   5483     24    19     2  
  347 GLY    5484   5490      7    20     2  
  348 GLN    5491   5507     17    21     2  
  349 THR    5508   5521     14    22     2  
  350 CYS    5522   5532     11    23     2  
  351 VAL    5533   5548     16    24     2  
  352 VAL    5549   5564     16    25     2  
  353 HSD    5565   5581     17    26     2  
  354 TYR    5582   5602     21    27     2  
  355 THR    5603   5616     14    28     2  
  356 GLY    5617   5623      7    29     2  
  357 MET    5624   5640     17    30     2  
  358 LEU    5641   5659     19    31     2  
  359 GLU    5660   5674     15    32     2  
  360 ASP    5675   5686     12    33     2  
  361 GLY    5687   5693      7    34     2  
  362 LYS    5694   5715     22    35     2  
  363 LYS    5716   5737     22    36     2  
  364 PHE    5738   5757     20    37     2  
  365 ASP    5758   5769     12    38     2  
  366 SER    5770   5780     11    39     2  
  367 SER    5781   5791     11    40     2  
  368 ARG    5792   5815     24    41     2  
  369 ASP    5816   5827     12    42     2  
  370 ARG    5828   5851     24    43     2  
  371 ASN    5852   5865     14    44     2  
  372 LYS    5866   5887     22    45     2  
  373 PRO    5888   5901     14    46     2  
  374 PHE    5902   5921     20    47     2  
  375 LYS    5922   5943     22    48     2  
  376 PHE    5944   5963     20    49     2  
  377 MET    5964   5980     17    50     2  
  378 LEU    5981   5999     19    51     2  
  379 GLY    6000   6006      7    52     2  
  380 LYS    6007   6028     22    53     2  
  381 GLN    6029   6045     17    54     2  
  382 GLU    6046   6060     15    55     2  
  383 VAL    6061   6076     16    56     2  
  384 ILE    6077   6095     19    57     2  
  385 ARG    6096   6119     24    58     2  
  386 GLY    6120   6126      7    59     2  
  387 TRP    6127   6150     24    60     2  
  388 GLU    6151   6165     15    61     2  
  389 GLU    6166   6180     15    62     2  
  390 GLY    6181   6187      7    63     2  
  391 VAL    6188   6203     16    64     2  
  392 ALA    6204   6213     10    65     2  
  393 GLN    6214   6230     17    66     2  
  394 MET    6231   6247     17    67     2  
  395 SER    6248   6258     11    68     2  
  396 VAL    6259   6274     16    69     2  
  397 GLY    6275   6281      7    70     2  
  398 GLN    6282   6298     17    71     2  
  399 ARG    6299   6322     24    72     2  
  400 ALA    6323   6332     10    73     2  
  401 LYS    6333   6354     22    74     2  
  402 LEU    6355   6373     19    75     2  
  403 THR    6374   6387     14    76     2  
  404 ILE    6388   6406     19    77     2  
  405 SER    6407   6417     11    78     2  
  406 PRO    6418   6431     14    79     2  
  407 ASP    6432   6443     12    80     2  
  408 TYR    6444   6464     21    81     2  
  409 ALA    6465   6474     10    82     2  
  410 TYR    6475   6495     21    83     2  
  411 GLY    6496   6502      7    84     2  
  412 ALA    6503   6512     10    85     2  
  413 THR    6513   6526     14    86     2  
  414 GLY    6527   6533      7    87     2  
  415 HSD    6534   6550     17    88     2  
  416 PRO    6551   6564     14    89     2  
  417 GLY    6565   6571      7    90     2  
  418 ILE    6572   6590     19    91     2  
  419 ILE    6591   6609     19    92     2  
  420 PRO    6610   6623     14    93     2  
  421 PRO    6624   6637     14    94     2  
  422 HSD    6638   6654     17    95     2  
  423 ALA    6655   6664     10    96     2  
  424 THR    6665   6678     14    97     2  
  425 LEU    6679   6697     19    98     2  
  426 VAL    6698   6713     16    99     2  
  427 PHE    6714   6733     20   100     2  
  428 ASP    6734   6745     12   101     2  
  429 VAL    6746   6761     16   102     2  
  430 GLU    6762   6776     15   103     2  
  431 LEU    6777   6795     19   104     2  
  432 LEU    6796   6814     19   105     2  
  433 LYS    6815   6836     22   106     2  
  434 LEU    6837   6855     19   107     2  
  435 GLU    6856   6871     16   108     2  
