       1    1.6087
       2    1.5892
       3    1.5819
       4    1.5584
       5    1.5421
       6    1.5385
       7    1.5999
       8    1.5408
       9    1.6207
      10    1.5817
      11    1.5906
      12    1.4893
      13    1.2232
      14    1.4234
      15    1.4421
      16    1.5608
      17    1.4767
      18    1.3605
      19    1.3900
      20    1.2891
      21    1.2966
      22    1.2814
      23    1.1768
      24    1.1240
      25    1.2473
      26    1.2355
      27    1.2694
      28    1.3829
      29    1.3182
      30    1.2882
      31    1.2969
      32    1.2768
      33    1.4230
      34    1.3149
      35    1.3950
      36    1.3953
      37    1.3557
      38    1.2402
      39    1.2866
      40    1.3204
      41    1.4079
      42    1.3957
      43    1.4289
      44    1.4397
      45    1.3625
      46    1.5358
      47    1.5355
      48    1.3500
      49    1.4304
      50    1.3932
      51    1.4075
      52    1.4578
      53    1.3269
      54    1.2663
      55    1.1921
      56    1.3365
      57    1.4176
      58    1.3331
      59    1.2647
      60    1.2346
      61    1.3292
      62    1.2443
      63    1.2038
      64    1.2374
      65    1.2273
      66    1.1448
      67    1.3021
      68    1.2507
      69    1.3161
      70    1.3197
      71    1.3855
      72    1.2681
      73    1.2576
      74    1.3594
      75    1.4207
      76    1.3062
      77    1.2496
      78    1.1792
      79    1.2328
      80    1.3595
      81    1.4800
      82    1.5596
      83    1.4830
      84    1.3715
      85    1.4847
      86    1.4733
      87    1.3673
      88    1.3708
      89    1.4148
      90    1.4937
      91    1.4947
      92    1.5444
      93    1.5500
      94    1.5442
      95    1.4942
      96    1.4741
      97    1.5175
      98    1.5579
      99    1.4987
     100    1.4335
     101    1.3756
     102    1.4199
     103    1.3618
     104    1.3108
     105    1.4206
     106    1.3491
     107    1.2969
     108    1.4144
     109    1.3994
     110    1.3438
     111    1.3796
     112    1.3662
     113    1.4034
     114    1.4078
     115    1.1312
     116    1.1232
     117    0.9162
     118    0.9912
     119    1.1086
     120    1.1124
     121    1.1603
     122    1.1666
     123    1.1614
     124    1.2685
     125    1.2844
     126    1.2778
     127    1.2831
     128    1.2713
     129    1.1150
     130    1.0501
     131    1.1240
     132    1.1706
     133    1.0794
     134    1.1338
     135    1.0720
     136    1.2632
     137    1.3045
     138    1.0864
     139    1.2010
     140    1.1595
     141    1.1539
     142    1.0225
     143    1.2164
     144    1.2552
     145    1.4619
     146    1.4081
     147    1.4139
     148    1.4728
     149    1.2623
     150    1.1608
     151    1.3106
     152    1.2712
     153    1.3729
     154    1.2835
     155    1.1829
     156    1.1484
     157    1.0844
     158    1.1115
     159    0.9939
     160    0.9958
     161    1.0346
     162    1.2127
     163    1.3112
     164    1.2917
     165    1.3477
     166    1.1971
     167    1.1824
     168    1.0576
     169    1.1703
     170    1.2151
     171    1.1753
     172    1.0669
     173    1.0823
     174    1.1188
     175    1.1401
     176    1.2605
     177    1.1676
     178    1.1808
     179    1.1367
     180    1.1938
     181    0.9938
     182    1.1144
     183    1.0585
     184    1.0804
     185    1.0826
     186    1.0844
     187    1.2045
     188    1.3213
     189    1.2839
     190    1.1976
     191    1.0871
     192    1.0797
     193    1.0332
     194    1.0859
     195    0.9175
     196    0.9369
     197    0.9917
     198    1.1089
     199    0.9541
     200    1.0411
     201    1.1085
     202    1.0750
     203    1.0577
     204    1.1297
     205    1.0671
     206    0.9657
     207    0.9656
     208    1.1187
     209    1.0681
     210    1.0346
     211    0.9856
     212    0.8187
     213    0.9901
     214    1.0489
     215    0.9233
     216    1.0131
     217    0.9078
     218    0.9427
     219    0.9752
     220    0.9622
     221    0.9633
     222    0.9449
     223    1.0234
     224    1.1098
     225    1.2360
     226    1.3003
     227    1.2458
     228    1.1415
     229    1.2100
     230    1.1046
     231    1.0506
     232    1.1887
     233    1.1743
     234    1.2285
     235    1.1294
     236    1.1831
     237    1.3086
     238    1.2679
     239    1.2423
     240    1.2492
     241    1.1611
     242    1.1309
     243    1.1613
     244    1.1241
     245    1.1340
     246    1.0656
     247    1.1037
     248    1.1392
     249    1.2510
     250    1.3508
     251    1.4180
     252    1.3057
     253    1.2980
     254    1.2802
     255    1.4570
     256    1.4347
     257    1.2704
     258    1.1820
     259    1.1347
     260    1.1336
     261    1.2625
     262    1.2320
     263    1.2557
     264    1.2095
     265    1.1321
     266    1.2432
     267    1.2839
     268    1.2603
     269    1.2872
     270    1.2326
     271    1.2471
     272    1.2287
     273    1.2015
     274    1.2366
     275    1.3526
     276    1.3704
     277    1.2892
     278    1.3176
     279    1.3316
     280    1.1569
     281    1.1245
     282    1.2154
     283    1.2478
     284    1.2035
     285    1.1553
     286    1.2210
     287    1.2004
     288    1.2138
     289    1.2115
     290    1.1403
     291    1.2159
     292    1.1932
     293    1.1593
     294    1.0039
     295    0.9648
     296    0.9721
     297    0.9130
     298    0.9836
     299    1.0285
     300    1.0842
     301    0.9588
     302    0.9424
     303    0.8228
     304    0.8243
     305    0.8486
     306    0.8719
     307    0.9551
     308    0.8332
     309    0.8595
     310    0.7420
     311    0.9027
     312    0.9146
     313    0.9120
     314    0.9957
     315    1.0975
     316    1.1695
     317    1.2465
     318    1.1555
     319    1.1836
     320    1.1273
     321    1.1873
     322    1.1889
     323    1.3002
     324    1.2958
     325    1.1653
     326    1.1881
     327    1.1483
     328    1.1190
     329    1.0963
     330    1.1451
     331    1.2977
     332    1.2568
     333    1.2333
     334    1.3113
     335    1.3527
     336    1.1923
     337    1.2382
     338    1.3291
     339    1.3832
     340    1.5265
     341    1.4186
     342    1.2211
     343    1.1180
     344    1.0911
     345    1.0511
     346    0.9880
     347    1.0778
     348    0.9917
     349    1.0832
     350    1.1539
     351    0.9914
     352    1.0359
     353    0.9942
     354    1.1264
     355    1.0600
     356    1.0605
     357    1.0202
     358    0.9768
     359    1.0749
     360    0.9326
     361    0.9301
     362    0.9980
     363    0.9850
     364    1.0443
     365    0.9870
     366    0.9926
     367    1.0242
     368    1.0100
     369    1.1237
     370    1.0113
     371    0.9522
     372    0.9797
     373    0.9619
     374    0.9479
     375    0.8885
     376    0.9307
     377    1.0986
     378    0.9249
     379    0.9246
     380    0.8486
     381    0.9415
     382    0.9139
     383    0.9539
     384    0.9273
     385    0.9968
     386    0.9533
     387    1.0310
     388    1.0685
     389    1.1056
     390    1.2415
     391    1.2260
     392    1.1606
     393    1.1999
     394    1.4134
     395    1.2727
     396    1.3077
     397    1.4241
     398    1.4061
     399    1.4458
     400    1.5261
     401    1.4643
     402    1.4784
     403    1.4872
     404    1.3685
     405    1.3525
     406    1.2075
     407    1.2170
     408    1.2938
     409    1.4403
     410    1.3478
     411    1.2450
     412    1.2276
     413    1.1370
     414    1.2183
     415    1.2529
     416    1.0885
     417    1.2866
     418    1.2717
     419    1.2344
     420    1.1860
     421    1.3615
     422    1.2729
     423    1.3232
     424    1.2004
     425    1.2899
     426    1.3357
     427    1.3299
     428    1.1284
     429    1.1045
     430    1.1669
     431    1.1239
     432    1.2270
     433    1.2163
     434    1.1038
     435    1.0123
     436    1.0161
     437    1.0561
     438    0.9564
     439    0.9967
     440    1.0204
     441    0.9213
     442    0.9067
     443    0.9379
     444    0.9982
     445    1.0014
     446    1.1121
     447    1.0033
     448    1.1097
     449    1.1099
     450    1.2670
     451    1.0653
     452    1.1478
     453    1.2093
     454    1.0842
     455    0.9845
     456    1.0659
     457    1.0309
     458    1.0616
     459    0.9834
     460    1.0976
     461    1.1105
     462    1.1020
     463    1.1333
     464    1.0610
     465    1.0078
     466    0.9963
     467    1.0183
     468    0.9012
     469    0.8834
     470    0.8610
     471    0.8587
     472    0.8221
     473    0.8677
     474    0.9737
     475    0.8262
     476    0.9020
     477    0.9797
     478    1.0413
     479    0.9881
     480    0.9977
     481    1.0805
     482    1.2069
     483    1.2419
     484    1.2089
     485    1.2259
     486    1.2034
     487    1.2181
     488    1.1821
     489    1.1517
     490    0.9909
     491    1.0145
     492    0.9932
     493    0.9228
     494    0.8274
     495    0.9638
     496    0.9528
     497    1.0111
     498    0.9822
     499    1.1718
     500    0.9858
     501    0.9973
     502    0.9861
     503    0.9613
     504    0.9978
     505    0.9126
     506    0.8470
     507    0.9432
     508    1.0245
     509    1.0018
     510    1.0003
     511    0.9907
     512    0.9345
     513    0.9881
     514    0.9434
     515    0.9942
     516    1.0436
     517    1.0750
     518    1.0568
     519    0.9962
     520    1.0241
     521    0.9353
     522    0.9184
     523    0.9314
     524    1.0017
     525    1.0323
     526    1.0797
     527    1.0018
     528    1.0556
     529    1.1007
     530    1.1040
     531    0.9720
     532    0.9174
     533    0.9413
     534    0.8740
     535    0.8414
     536    1.0477
     537    0.9619
     538    1.1605
     539    1.1558
     540    1.0251
     541    1.1934
     542    1.2640
     543    1.2955
     544    1.3711
     545    1.1868
     546    1.1884
     547    1.1438
     548    1.0658
     549    1.2242
     550    1.2191
     551    1.1042
     552    1.0532
     553    1.0715
     554    1.0376
     555    0.9588
     556    0.9425
     557    1.0092
     558    1.0968
     559    1.0373
     560    1.1228
     561    1.0326
     562    1.2172
     563    1.0508
     564    0.9670
     565    1.0298
     566    1.0407
     567    1.1687
     568    1.2200
     569    1.2489
     570    1.1143
     571    1.0490
     572    1.0205
     573    1.0351
     574    1.0915
     575    1.2064
     576    1.1621
     577    1.2707
     578    1.2672
     579    1.2459
     580    1.2216
     581    1.0071
     582    1.0878
     583    0.9905
     584    1.1227
     585    1.0086
     586    1.0732
     587    1.1156
     588    1.1006
     589    1.1965
     590    1.1892
     591    1.2343
     592    1.2188
     593    1.2238
     594    1.1808
     595    1.4034
     596    1.6003
     597    1.4600
     598    1.5837
     599    1.3371
     600    1.1728
     601    1.2235
     602    1.1332
     603    1.1958
     604    1.2913
     605    1.2427
     606    1.1024
     607    1.2144
     608    1.1980
     609    1.1772
     610    1.1835
     611    1.1846
     612    1.2067
     613    1.1682
     614    1.1447
     615    1.0225
     616    1.0387
     617    1.0567
     618    1.0780
     619    1.1219
     620    0.9910
     621    1.0223
     622    1.1434
     623    1.1978
     624    1.1717
     625    1.1545
     626    1.1627
     627    1.2138
     628    1.3372
     629    1.2485
     630    1.1278
     631    1.0416
     632    1.3404
     633    1.2427
     634    1.1523
     635    1.1755
     636    1.1046
     637    1.1759
     638    1.1401
     639    1.1325
     640    1.1817
     641    1.1413
     642    0.9940
     643    0.9794
     644    0.9562
     645    1.0834
     646    1.0399
     647    0.9463
     648    1.0996
     649    1.0659
     650    1.1280
     651    1.1124
     652    1.0462
     653    1.0526
     654    1.0237
     655    1.0545
     656    1.0304
     657    1.1085
     658    1.0914
     659    1.2145
     660    1.1244
     661    0.9265
     662    0.9241
     663    1.0073
     664    0.9216
     665    0.9632
     666    1.0105
     667    0.9735
     668    0.9199
     669    0.9633
     670    0.9657
     671    0.9232
     672    1.1635
     673    1.0026
     674    0.9368
     675    0.9061
     676    0.9739
     677    0.9745
     678    1.0223
     679    1.0475
     680    0.9761
     681    0.9417
     682    0.9570
     683    0.9702
     684    1.0175
     685    1.0078
     686    1.0603
     687    0.9684
     688    0.9042
     689    0.9030
     690    0.9019
     691    0.9788
     692    1.0724
     693    1.0366
     694    1.2712
     695    1.1927
     696    1.1461
     697    1.2062
     698    1.2355
     699    1.2830
     700    1.2128
     701    1.2655
     702    1.1331
     703    1.1028
     704    1.0496
     705    1.0260
     706    0.9789
     707    0.9778
     708    1.0369
     709    0.9997
     710    1.0810
     711    1.0786
     712    1.0168
     713    0.9643
     714    0.9736
     715    0.9104
     716    0.9092
     717    0.9072
     718    0.8387
     719    0.8433
     720    0.8607
     721    0.9659
     722    1.1026
     723    1.2067
     724    1.0686
     725    1.0239
     726    1.1161
     727    1.0442
     728    1.1861
     729    1.1639
     730    1.2742
     731    1.2531
     732    1.2262
     733    1.0816
     734    1.1292
     735    1.1947
     736    1.2091
     737    1.1854
     738    1.3333
     739    1.2273
     740    1.3713
     741    1.2131
     742    1.1704
     743    1.1872
     744    1.3453
     745    1.4043
     746    1.3972
     747    1.3156
     748    1.3558
     749    1.3896
     750    1.3887
     751    1.4423
     752    1.4385
     753    1.4563
     754    1.4598
     755    1.3336
     756    1.4031
     757    1.3389
     758    1.4173
     759    1.3869
     760    1.4075
     761    1.3767
     762    1.4717
     763    1.2875
     764    1.3330
     765    1.2872
     766    1.3117
     767    1.4435
     768    1.5241
     769    1.4422
     770    1.5586
     771    1.6055
     772    1.6246
     773    1.5916
     774    1.5468
     775    1.6089
     776    1.5599
     777    1.6790
     778    1.6659
     779    1.6029
     780    1.6679
     781    1.6445
     782    1.7293
     783    1.5961
     784    1.4419
     785    1.4158
     786    1.5468
     787    1.4980
     788    1.5103
     789    1.4111
     790    1.4252
     791    1.4697
     792    1.4238
     793    1.5248
     794    1.4341
     795    1.4718
     796    1.5676
     797    1.5500
     798    1.4448
     799    1.5345
     800    1.5307
     801    1.4950
     802    1.4537
     803    1.5008
     804    1.4503
     805    1.6534
     806    1.6786
     807    1.7793
     808    1.6913
     809    1.5179
     810    1.7014
     811    1.6974
     812    1.6551
     813    1.6998
     814    1.6639
     815    1.7213
     816    1.7849
     817    1.6083
     818    1.4915
     819    1.5684
     820    1.5019
     821    1.4655
     822    1.5603
     823    1.7756
     824    1.6525
     825    1.6208
     826    1.6151
     827    1.6602
     828    1.8606
     829    1.6657
     830    1.3971
     831    1.4540
     832    1.5716
     833    1.5397
     834    1.5268
     835    1.5852
     836    1.6705
     837    1.6729
     838    1.6475
     839    1.6555
     840    1.6832
     841    1.6278
     842    1.6813
     843    1.7001
     844    1.7241
     845    1.6191
     846    1.5352
     847    1.5470
     848    1.5811
     849    1.4361
     850    1.5692
     851    1.7796
     852    1.7358
     853    1.6470
     854    1.6518
     855    1.6338
     856    1.5826
     857    1.5495
     858    1.5932
     859    1.5476
     860    1.4372
     861    1.4361
     862    1.4912
     863    1.4980
     864    1.3925
     865    1.5024
     866    1.4944
     867    1.4571
     868    1.5045
     869    1.5069
     870    1.4327
     871    1.3736
     872    1.3542
     873    1.4506
     874    1.5279
     875    1.5729
     876    1.6074
     877    1.6299
     878    1.5003
     879    1.5072
     880    1.5860
     881    1.4684
     882    1.4581
     883    1.4169
     884    1.4586
     885    1.4625
     886    1.5045
     887    1.4731
     888    1.4830
     889    1.6119
     890    1.4709
     891    1.5231
     892    1.5416
     893    1.6352
     894    1.4284
     895    1.5729
     896    1.5940
     897    1.6760
     898    1.6564
     899    1.5812
     900    1.6880
     901    1.6088
     902    1.6428
     903    1.5417
     904    1.5415
     905    1.5850
     906    1.6979
     907    1.6939
     908    1.6289
     909    1.7904
     910    1.6927
     911    1.5627
     912    1.6597
     913    1.6380
     914    1.5523
     915    1.5401
     916    1.6428
     917    1.6947
     918    1.7157
     919    1.7000
     920    1.8263
     921    1.9833
     922    1.6766
     923    1.7515
     924    1.6983
     925    1.7124
     926    1.8024
     927    1.7015
     928    1.9095
     929    1.7831
     930    1.7653
     931    1.6137
     932    1.4721
     933    1.4980
     934    1.5322
     935    1.4989
     936    1.5529
     937    1.5734
     938    1.5726
     939    1.4979
     940    1.4979
     941    1.4480
     942    1.4656
     943    1.5045
     944    1.5070
     945    1.4165
     946    1.5048
     947    1.5285
     948    1.5740
     949    1.6696
     950    1.6756
     951    1.5420
     952    1.5872
     953    1.6892
     954    1.6453
     955    1.6197
     956    1.5895
     957    1.6715
     958    1.5904
     959    1.5944
     960    1.5234
     961    1.5686
     962    1.4470
     963    1.6403
     964    1.4708
     965    1.4409
     966    1.5435
     967    1.4044
     968    1.4179
     969    1.3926
     970    1.3274
     971    1.3850
     972    1.3985
     973    1.4867
     974    1.5116
     975    1.4532
     976    1.5380
     977    1.4339
     978    1.5758
     979    1.5289
     980    1.6088
     981    1.5678
     982    1.6606
     983    1.6838
     984    1.8236
     985    1.6907
     986    1.6219
     987    1.5399
     988    1.5469
     989    1.6586
     990    1.7004
     991    1.5794
     992    1.5191
     993    1.5153
     994    1.4727
     995    1.4865
     996    1.4520
     997    1.4626
     998    1.4730
     999    1.5053
