       1    1.3946
       2    1.3666
       3    1.2134
       4    1.3046
       5    1.2581
       6    1.1950
       7    1.1360
       8    1.1676
       9    1.0514
      10    1.1214
      11    0.9973
      12    1.0220
      13    0.9898
      14    1.0972
      15    1.0113
      16    1.0306
      17    1.0907
      18    1.2394
      19    1.1693
      20    1.1693
      21    1.0644
      22    1.0412
      23    0.9784
      24    0.9843
      25    1.0496
      26    1.1296
      27    1.0958
      28    1.1831
      29    1.3146
      30    1.1749
      31    1.2929
      32    1.1469
      33    1.1766
      34    1.2053
      35    1.1917
      36    1.1568
      37    1.1616
      38    1.2503
      39    1.2926
      40    1.2536
      41    1.1485
      42    1.2544
      43    1.2048
      44    1.1855
      45    1.2147
      46    1.1804
      47    1.1846
      48    1.3194
      49    1.2314
      50    1.1908
      51    1.1108
      52    1.0075
      53    1.1030
      54    1.2794
      55    1.1527
      56    1.0546
      57    1.0538
      58    0.9177
      59    0.9562
      60    0.9407
      61    1.1070
      62    1.0225
      63    1.0912
      64    0.9980
      65    0.9146
      66    0.8401
      67    0.9117
      68    0.9429
      69    1.0670
      70    1.0886
      71    0.9817
      72    0.9065
      73    0.9306
      74    0.8891
      75    0.9362
      76    0.8492
      77    0.8625
      78    0.8590
      79    0.8585
      80    0.8184
      81    0.9473
      82    0.9199
      83    0.9781
      84    0.8845
      85    0.7652
      86    0.8060
      87    0.7298
      88    0.8332
      89    0.8391
      90    0.7967
      91    0.7894
      92    0.8347
      93    0.8783
      94    0.8378
      95    0.9579
      96    1.0539
      97    0.8537
      98    0.9900
      99    0.9781
     100    0.9331
     101    0.9786
     102    0.9769
     103    1.0778
     104    1.0400
     105    1.1801
     106    1.2465
     107    1.4173
     108    0.9675
     109    0.9072
     110    0.9829
     111    0.8897
     112    0.8045
     113    0.8800
     114    1.0464
     115    0.9902
     116    1.0047
     117    1.0636
     118    0.8835
     119    1.0161
     120    0.9540
     121    1.1471
     122    1.0271
     123    1.0515
     124    0.9746
     125    1.0079
     126    1.1906
     127    1.0065
     128    1.0224
     129    0.8344
     130    0.7620
     131    0.7875
     132    0.7918
     133    0.9139
     134    0.8413
     135    0.7683
     136    0.9479
     137    0.9738
     138    0.9266
     139    0.9103
     140    0.8131
     141    0.7414
     142    0.6977
     143    0.7652
     144    0.7813
     145    0.8318
     146    0.8660
     147    0.8457
     148    0.8167
     149    0.9116
     150    0.8550
     151    0.9348
     152    1.0575
     153    1.0959
     154    0.9896
     155    1.0762
     156    0.9895
     157    1.0851
     158    1.0578
     159    1.1686
     160    1.1052
     161    1.3167
     162    1.1953
     163    0.9121
     164    0.8675
     165    0.9148
     166    0.9717
     167    0.8814
     168    0.9551
     169    0.8743
     170    1.0359
     171    1.0175
     172    1.0619
     173    1.0625
     174    1.0070
     175    0.9979
     176    0.7693
     177    0.9043
     178    0.8808
     179    0.9055
     180    1.0406
     181    1.0957
     182    1.0598
     183    0.8829
     184    0.8679
     185    0.9538
     186    0.9621
     187    0.9088
     188    1.0149
     189    0.8945
     190    0.9562
     191    0.9481
     192    0.8909
     193    0.9301
     194    0.7548
     195    0.8262
     196    0.9069
     197    0.9565
     198    0.9892
     199    0.9389
     200    0.9574
     201    0.9688
     202    0.9088
     203    0.8502
     204    0.9070
     205    0.9237
     206    1.0164
     207    0.9716
     208    1.0972
     209    1.0502
     210    1.0901
     211    1.1135
     212    1.2829
     213    1.0801
     214    1.1704
     215    1.0825
     216    1.0128
     217    1.0620
     218    1.0476
     219    0.9050
     220    0.9072
     221    1.0399
     222    1.0076
     223    1.0560
     224    1.2640
     225    1.0188
     226    0.9666
     227    1.0164
     228    1.0755
     229    0.9808
     230    0.9066
     231    0.8503
     232    0.8611
     233    0.9844
     234    1.0291
     235    0.9321
     236    1.0491
     237    0.9659
     238    0.9767
     239    0.9057
     240    0.9812
     241    0.9001
     242    0.8044
     243    0.9153
     244    0.9892
     245    0.9598
     246    0.9847
     247    0.9751
     248    1.0086
     249    0.9630
     250    0.9277
     251    0.8264
     252    0.9352
     253    0.8167
     254    0.9362
     255    1.0001
     256    0.9018
     257    0.9747
     258    0.9394
     259    0.9544
     260    0.9498
     261    1.0090
     262    0.8815
     263    0.9024
     264    0.9141
     265    0.9215
     266    0.8295
     267    0.8730
     268    0.9096
     269    0.8350
     270    0.8260
     271    0.8730
     272    0.8754
     273    0.8580
     274    0.8077
     275    0.8835
     276    0.7914
     277    0.8703
     278    0.9409
     279    0.9744
     280    1.0090
     281    0.9309
     282    0.8341
     283    0.9085
     284    1.0647
     285    1.0017
     286    0.9950
     287    0.8892
     288    0.7745
     289    0.7640
     290    0.8007
     291    0.7424
     292    0.7543
     293    0.8798
     294    0.9035
     295    1.1769
     296    1.1467
     297    1.0998
     298    1.1290
     299    1.1064
     300    1.0674
     301    1.1002
     302    1.0996
     303    1.1512
     304    1.1121
     305    1.1091
     306    1.1706
     307    1.3018
     308    1.2146
     309    1.2729
     310    1.1183
     311    1.1236
     312    1.0414
     313    0.9596
     314    1.0106
     315    0.9063
     316    0.8169
     317    0.8981
     318    0.8270
     319    0.7785
     320    0.6957
     321    0.8250
     322    0.7247
     323    0.7087
     324    0.8578
     325    0.9507
     326    0.8519
     327    0.6712
     328    0.8264
     329    0.8767
     330    0.9481
     331    1.0670
     332    1.1356
     333    1.1002
     334    1.0134
     335    1.1080
     336    1.0570
     337    1.2165
     338    1.0651
     339    1.2358
     340    1.0411
     341    1.1800
     342    1.3530
     343    1.2610
     344    1.1219
     345    1.1443
     346    1.0674
     347    1.2085
     348    1.0841
     349    1.0331
     350    1.0797
     351    1.1454
     352    1.1685
     353    1.1925
     354    0.9661
     355    1.0245
     356    0.9428
     357    0.9430
     358    0.8708
     359    0.9651
     360    0.9717
     361    0.8978
     362    0.8850
     363    0.9195
     364    1.0924
     365    1.1682
     366    1.2389
     367    1.1343
     368    1.1176
     369    1.1848
     370    1.3405
     371    1.2575
     372    1.3617
     373    1.3994
     374    1.3341
     375    1.0700
     376    1.2333
     377    1.1345
     378    1.1297
     379    1.1691
     380    1.2035
     381    1.2215
     382    1.1656
     383    1.1786
     384    0.9424
     385    0.8897
     386    0.9324
     387    0.9496
     388    0.9935
     389    0.9546
     390    1.0111
     391    1.0098
     392    1.0354
     393    1.0410
     394    0.9760
     395    0.9153
     396    0.9273
     397    1.0176
     398    1.0274
     399    0.9615
     400    1.0369
     401    0.9246
     402    0.9158
     403    1.0095
     404    1.0100
     405    1.0094
     406    1.0106
     407    0.8324
     408    0.7321
     409    0.7924
     410    0.8830
     411    0.8151
     412    0.8423
     413    0.9356
     414    0.9539
     415    0.9587
     416    0.8103
     417    0.7150
     418    0.8026
     419    0.8162
     420    0.8836
     421    0.8553
     422    0.7542
     423    0.7700
     424    0.7715
     425    0.7467
     426    0.8761
     427    0.8547
     428    0.9121
     429    0.8665
     430    1.0127
     431    0.9932
     432    0.8900
     433    0.9461
     434    0.9417
     435    0.8774
     436    0.8590
     437    0.8592
     438    1.0325
     439    1.0790
     440    1.0589
     441    1.0981
     442    1.0818
     443    0.9811
     444    1.1442
     445    1.1712
     446    1.1920
     447    1.1156
     448    0.9655
     449    0.8599
     450    0.9233
     451    1.0449
     452    0.8792
     453    0.9324
     454    0.9370
     455    1.0010
     456    1.0278
     457    1.1076
     458    1.1265
     459    0.8496
     460    0.8222
     461    0.7475
     462    0.8800
     463    0.7571
     464    0.9162
     465    0.9406
     466    0.8024
     467    0.8693
     468    1.0923
     469    0.9975
     470    1.0719
     471    0.9823
     472    1.0826
     473    1.0505
     474    1.1005
     475    0.9788
     476    1.0201
     477    0.9345
     478    0.8668
     479    0.8423
     480    1.0035
     481    0.9868
     482    0.8882
     483    0.8988
     484    0.9187
     485    1.1265
     486    1.0753
     487    1.0351
     488    1.1430
     489    1.2187
     490    0.8871
     491    0.9423
     492    0.8541
     493    0.6890
     494    0.6131
     495    0.6440
     496    0.7742
     497    0.7076
     498    0.7075
     499    0.7401
     500    0.7464
     501    0.8329
     502    0.8934
     503    0.9702
     504    0.9948
     505    1.0193
     506    0.9849
     507    0.9169
     508    1.0104
     509    1.0025
     510    1.0036
     511    0.9697
     512    0.9634
     513    1.0068
     514    0.9800
     515    1.0521
     516    0.9906
     517    1.0475
     518    1.0241
     519    0.9830
     520    1.0597
     521    1.0352
     522    0.9775
     523    1.0038
     524    1.1285
     525    0.9514
     526    0.8338
     527    0.8084
     528    0.7946
     529    0.8542
     530    0.8300
     531    0.8678
     532    0.9555
     533    0.9748
     534    1.0512
     535    0.9254
     536    0.8682
     537    0.9118
     538    0.8603
     539    0.9830
     540    0.9238
     541    0.8963
     542    0.8633
     543    0.9035
     544    0.9835
     545    0.9578
     546    0.8929
     547    0.8933
     548    0.9120
     549    0.8167
     550    0.8200
     551    0.8664
     552    0.9127
     553    0.8297
     554    0.8482
     555    0.9582
     556    0.7551
     557    0.8051
     558    0.7647
     559    0.7940
     560    0.8167
     561    0.8450
     562    0.8002
     563    0.7630
     564    0.9198
     565    0.9339
     566    0.8565
     567    0.7989
     568    0.7409
     569    0.8186
     570    0.7401
     571    0.7157
     572    0.8126
     573    0.7079
     574    0.7303
     575    0.7529
     576    0.7396
     577    0.8116
     578    0.9208
     579    0.7773
     580    0.7516
     581    0.7464
     582    0.7171
     583    0.7613
     584    0.7335
     585    0.7935
     586    0.8811
     587    0.9617
     588    1.0666
     589    0.9249
     590    0.9352
     591    0.7923
     592    0.8917
     593    1.0038
     594    0.9636
     595    0.9597
     596    1.1012
     597    0.9684
     598    0.7901
     599    0.9727
     600    0.9133
     601    0.8167
     602    0.7991
     603    0.9725
     604    0.8104
     605    0.7794
     606    0.8242
     607    0.7752
     608    0.9215
     609    0.7535
     610    0.7147
     611    0.7782
     612    0.8728
     613    0.8323
     614    0.9114
     615    0.8981
     616    0.8519
     617    0.9391
     618    0.8140
     619    0.8746
     620    0.9798
     621    0.9468
     622    0.9719
     623    0.9333
     624    0.8813
     625    0.9653
     626    0.9431
     627    0.9160
     628    1.0688
     629    0.9004
     630    0.9715
     631    0.9912
     632    1.0303
     633    0.9195
     634    1.0179
     635    0.9513
     636    0.9913
     637    0.8767
     638    0.9015
     639    0.9757
     640    0.9149
     641    0.9087
     642    0.9130
     643    0.9785
     644    0.9651
     645    0.8927
     646    0.9775
     647    0.8925
     648    0.9238
     649    0.9746
     650    1.0092
     651    0.8762
     652    0.8258
     653    0.9146
     654    0.9950
     655    0.9991
     656    0.9919
     657    0.9872
     658    1.0146
     659    0.9809
     660    0.8962
     661    0.8960
     662    0.9818
     663    0.8956
     664    0.8862
     665    0.8487
     666    0.9427
     667    0.8681
     668    0.9832
     669    0.9546
     670    0.8043
     671    0.7890
     672    0.9332
     673    0.8171
     674    0.9162
     675    0.8994
     676    0.8655
     677    0.8229
     678    0.7459
     679    0.8912
     680    0.8490
     681    0.9094
     682    0.7899
     683    0.8393
     684    0.8636
     685    0.8449
     686    0.8196
     687    0.9136
     688    1.0228
     689    0.9438
     690    0.9745
     691    1.0405
     692    0.9007
     693    0.8361
     694    0.8891
     695    0.9088
     696    0.9832
     697    1.0415
     698    1.0581
     699    1.0176
     700    1.0895
     701    0.9980
     702    1.1202
     703    1.2101
     704    1.0376
     705    1.0662
     706    1.1098
     707    1.1438
     708    1.1443
     709    1.1203
     710    1.0127
     711    0.9020
     712    0.8919
     713    1.0673
     714    0.9544
     715    0.9572
     716    0.9222
     717    0.8168
     718    0.9281
     719    0.9100
     720    0.9041
     721    0.9295
     722    0.9836
     723    1.1378
     724    1.1686
     725    1.2310
     726    1.2567
     727    1.1898
     728    1.1292
     729    1.2848
     730    1.2833
     731    1.1964
     732    1.0577
     733    1.1881
     734    1.0587
     735    1.1519
     736    1.1567
     737    1.0794
     738    1.0975
     739    1.1269
     740    1.1274
     741    0.9947
     742    0.9400
     743    0.9367
     744    0.8645
     745    1.0574
     746    1.0468
     747    1.1675
     748    1.1628
     749    1.0943
     750    1.1045
     751    1.2831
     752    1.2751
     753    1.2639
     754    1.1373
     755    1.1833
     756    1.2645
     757    1.2712
     758    1.2804
     759    1.3952
     760    1.3853
     761    1.4462
     762    1.4399
     763    1.4402
     764    1.3861
     765    1.3712
     766    1.1690
     767    1.1033
     768    1.1089
     769    0.9408
     770    0.9678
     771    1.0112
     772    1.1560
     773    1.1615
     774    1.1818
     775    1.1593
     776    1.2852
     777    1.4661
     778    1.2615
     779    1.0260
     780    1.0997
     781    0.9660
     782    0.9895
     783    0.8485
     784    0.8080
     785    1.0565
     786    1.0140
     787    1.0041
     788    1.0507
     789    1.0285
     790    0.8516
     791    0.9530
     792    0.8308
     793    0.8132
     794    0.9551
     795    0.8824
     796    0.9799
     797    0.9535
     798    0.9676
     799    0.9926
     800    1.1548
     801    1.0316
     802    0.9662
     803    1.0405
     804    0.8816
     805    1.0099
     806    1.1097
     807    1.0642
     808    0.9391
     809    1.0681
     810    1.2807
     811    1.2233
     812    1.2011
     813    1.3058
     814    1.2032
     815    1.2606
     816    1.2459
     817    1.1933
     818    1.2726
     819    1.2152
     820    1.3521
     821    1.2285
     822    1.1932
     823    1.1414
     824    1.1101
     825    1.1245
     826    1.1772
     827    0.9711
     828    1.0045
     829    0.9338
     830    0.9391
     831    1.1534
     832    1.3679
     833    1.3329
     834    1.2186
     835    1.1189
     836    1.2076
     837    1.3309
     838    1.2142
     839    1.2660
     840    1.0142
     841    0.9991
     842    0.8581
     843    0.8825
     844    0.9403
     845    0.9620
     846    0.8631
     847    1.0008
     848    0.9053
     849    0.9335
     850    0.8141
     851    0.9229
     852    0.9707
     853    1.0548
     854    1.0391
     855    0.9472
     856    0.8795
     857    1.0192
     858    0.9164
     859    0.8704
     860    0.7877
     861    0.7039
     862    0.7553
     863    0.8947
     864    0.7911
     865    0.8160
     866    0.8167
     867    0.8163
     868    0.7710
     869    0.7278
     870    0.7650
     871    0.8750
     872    0.8596
     873    0.8727
     874    0.9083
     875    0.8924
     876    0.8290
     877    0.7794
     878    0.8522
     879    0.8099
     880    0.9025
     881    0.8543
     882    0.9351
     883    0.8858
     884    0.9384
     885    1.0256
     886    1.0516
     887    0.9672
     888    0.9267
     889    0.9363
     890    1.0501
     891    1.0461
     892    0.9755
     893    1.0889
     894    1.0405
     895    1.1053
     896    1.0641
     897    1.0181
     898    1.1017
     899    0.8952
     900    0.8743
     901    0.8967
     902    0.9009
     903    0.8423
     904    0.8562
     905    0.9177
     906    0.9783
     907    0.8635
     908    0.8859
     909    0.9556
     910    0.9866
     911    0.9157
     912    1.0329
     913    1.0967
     914    1.0347
     915    1.0639
     916    0.9306
     917    0.9293
     918    0.9813
     919    0.9112
     920    1.1022
     921    0.9083
     922    0.9527
     923    1.0923
     924    1.0443
     925    1.1634
     926    1.1608
     927    1.0846
     928    1.1143
     929    1.2070
     930    1.0985
     931    1.0765
     932    1.0336
     933    0.9220
     934    1.0355
     935    1.0621
     936    1.0322
     937    0.9289
     938    0.9539
     939    0.9821
     940    0.8953
     941    0.9393
     942    0.9315
     943    0.8407
     944    0.7651
     945    0.8584
     946    0.8344
     947    0.7899
     948    0.9313
     949    0.9339
     950    0.9367
     951    0.8132
     952    0.9052
     953    0.9391
     954    0.9125
     955    0.8543
     956    0.9745
     957    0.9556
     958    0.9640
     959    0.9649
     960    1.0501
     961    1.0385
     962    1.0176
     963    1.0074
     964    0.9732
     965    1.0382
     966    1.1900
     967    1.0898
     968    1.0629
     969    0.9929
     970    1.0681
     971    0.9783
     972    0.9679
     973    0.8919
     974    0.9041
     975    0.9665
     976    0.8714
     977    0.8721
     978    0.9680
     979    1.0323
     980    1.1374
     981    1.1244
     982    1.0956
     983    0.8976
     984    1.0898
     985    0.9642
     986    0.9518
     987    0.9355
     988    0.9242
     989    1.0303
     990    0.9910
     991    0.9858
     992    1.0823
     993    0.9017
     994    0.9134
     995    0.9563
     996    1.1689
     997    0.8874
     998    0.9203
     999    1.0750
