       1    1.0435
       2    1.0592
       3    1.1111
       4    1.1292
       5    1.2109
       6    1.1203
       7    1.1788
       8    1.2133
       9    1.1495
      10    1.1083
      11    1.0244
      12    1.0392
      13    1.1168
      14    1.1716
      15    1.1323
      16    0.9913
      17    1.0514
      18    1.0782
      19    1.0695
      20    1.0814
      21    1.0311
      22    1.0286
      23    1.1463
      24    1.1062
      25    1.1924
      26    1.3016
      27    1.3230
      28    1.2692
      29    1.2681
      30    1.3460
      31    1.2577
      32    1.0970
      33    1.1925
      34    0.9808
      35    0.9882
      36    1.0058
      37    0.8606
      38    0.8932
      39    0.8768
      40    0.9762
      41    1.1186
      42    1.0099
      43    0.9363
      44    1.0185
      45    1.0389
      46    1.0042
      47    0.9574
      48    0.9340
      49    0.9481
      50    0.8887
      51    1.0661
      52    1.1312
      53    1.0521
      54    0.9981
      55    1.0844
      56    0.9535
      57    1.0354
      58    1.0054
      59    1.0575
      60    1.1049
      61    1.0146
      62    0.9015
      63    0.8967
      64    0.8799
      65    0.9839
      66    0.9982
      67    1.0062
      68    0.9238
      69    0.9736
      70    1.1088
      71    1.1496
      72    1.1592
      73    1.1441
      74    1.1689
      75    1.0082
      76    1.2066
      77    1.2230
      78    1.1944
      79    1.1984
      80    1.3379
      81    1.1834
      82    1.1470
      83    1.0155
      84    1.0148
      85    1.0219
      86    0.9197
      87    1.0350
      88    1.0886
      89    1.0104
      90    1.0329
      91    1.0751
      92    0.9771
      93    1.0326
      94    1.0952
      95    1.0107
      96    0.9865
      97    1.1107
      98    1.1180
      99    1.0857
     100    1.0696
     101    1.0658
     102    1.1137
     103    0.9806
     104    0.9858
     105    0.9941
     106    1.0101
     107    1.0406
     108    1.0977
     109    1.0477
     110    0.9973
     111    1.1709
     112    1.1418
     113    1.2111
     114    1.2705
     115    1.1996
     116    1.2340
     117    1.2029
     118    1.3273
     119    1.3599
     120    1.2807
     121    1.1918
     122    1.3019
     123    1.1692
     124    1.1602
     125    1.2058
     126    1.2379
     127    1.5167
     128    1.5083
     129    1.4599
     130    1.4006
     131    1.3787
     132    1.3280
     133    1.0926
     134    1.2237
     135    1.1351
     136    1.0562
     137    1.0344
     138    1.1653
     139    1.1380
     140    1.1183
     141    1.0738
     142    1.0915
     143    1.0508
     144    1.1055
     145    1.0077
     146    1.0291
     147    1.0229
     148    0.9477
     149    0.9141
     150    0.9666
     151    0.9931
     152    0.9665
     153    0.9286
     154    0.8908
     155    0.9638
     156    0.9623
     157    0.9715
     158    1.0037
     159    1.0499
     160    1.0365
     161    1.0577
     162    0.9360
     163    1.0305
     164    1.0403
     165    1.0245
     166    1.0564
     167    1.0106
     168    1.0898
     169    0.9786
     170    0.9894
     171    1.0136
     172    0.9980
     173    1.1606
     174    1.1795
     175    1.1256
     176    1.1321
     177    1.1221
     178    1.1218
     179    1.1620
     180    1.0823
     181    1.1873
     182    1.1687
     183    1.0944
     184    1.0349
     185    1.1594
     186    1.1137
     187    1.1003
     188    1.2307
     189    1.1317
     190    1.0092
     191    1.1292
     192    1.1618
     193    1.1228
     194    1.0589
     195    1.1083
     196    1.1222
     197    1.2226
     198    1.0572
     199    1.0901
     200    1.1694
     201    1.1728
     202    1.1164
     203    1.1027
     204    1.1042
     205    1.0388
     206    1.1250
     207    1.1551
     208    1.1372
     209    1.1807
     210    1.3060
     211    1.2350
     212    1.2275
     213    1.1467
     214    1.1928
     215    1.0780
     216    1.0259
     217    1.0328
     218    0.8609
     219    0.9242
     220    0.8911
     221    1.0005
     222    1.0211
     223    0.9911
     224    0.9379
     225    0.9406
     226    0.9806
     227    0.9961
     228    0.9866
     229    1.0404
     230    1.0978
     231    1.1779
     232    1.2479
     233    1.2206
     234    1.0403
     235    1.0640
     236    1.0570
     237    1.1986
     238    1.2002
     239    1.1564
     240    1.1748
     241    1.1494
     242    1.3292
     243    1.4738
     244    1.4165
     245    1.4674
     246    1.4545
     247    1.2512
     248    1.3384
     249    1.4350
     250    1.4340
     251    1.3620
     252    1.2537
     253    1.1332
     254    1.1176
     255    1.4312
     256    1.4214
     257    1.3264
     258    1.2545
     259    1.3537
     260    1.3880
     261    1.3916
     262    1.2753
     263    1.3573
     264    1.3191
     265    1.2978
     266    1.4957
     267    1.4664
     268    1.5478
     269    1.4194
     270    1.3902
     271    1.4519
     272    1.5707
     273    1.5390
     274    1.6084
     275    1.7386
     276    1.9439
     277    1.7247
     278    1.4528
     279    1.7248
     280    1.7199
     281    1.6477
     282    1.6594
     283    1.7164
     284    1.4723
     285    1.4500
     286    1.6104
     287    1.5825
     288    1.5967
     289    1.7968
     290    1.7191
     291    1.5209
     292    1.6919
     293    1.5215
     294    1.6419
     295    1.5961
     296    1.5085
     297    1.5995
     298    1.5796
     299    1.5302
     300    1.3199
     301    1.3095
     302    1.4467
     303    1.4368
     304    1.5708
     305    1.5157
     306    1.6146
     307    1.3910
     308    1.2704
     309    1.3434
     310    1.2925
     311    1.4237
     312    1.5167
     313    1.6908
     314    1.7340
     315    1.6798
     316    1.7975
     317    1.7665
     318    1.8775
     319    1.6580
     320    1.6557
     321    1.7358
     322    1.6806
     323    1.4969
     324    1.2896
     325    1.2389
     326    1.2728
     327    1.2663
     328    1.3207
     329    1.3775
     330    1.3657
     331    1.4771
     332    1.5850
     333    1.6889
     334    1.6740
     335    1.4403
     336    1.4923
     337    1.3977
     338    1.2969
     339    1.4189
     340    1.3831
     341    1.2756
     342    1.1407
     343    1.2417
     344    1.2265
     345    1.3186
     346    1.2136
     347    1.1884
     348    1.2247
     349    1.2219
     350    1.3285
     351    1.3992
     352    1.3604
     353    1.2667
     354    1.4105
     355    1.4297
     356    1.5111
     357    1.4584
     358    1.4328
     359    1.2987
     360    1.1113
     361    1.1890
     362    1.0718
     363    1.1491
     364    1.1962
     365    1.2105
     366    1.2244
     367    1.1887
     368    1.1929
     369    1.2183
     370    1.0277
     371    1.0799
     372    1.1220
     373    1.0744
     374    1.1443
     375    1.0262
     376    1.0707
     377    1.0309
     378    1.0737
     379    1.0636
     380    1.1546
     381    1.1496
     382    1.0206
     383    1.0855
     384    1.0219
     385    1.1802
     386    1.1837
     387    1.3781
     388    1.3732
     389    1.2291
     390    1.1146
     391    1.0824
     392    1.0909
     393    0.9891
     394    1.1026
     395    0.9991
     396    1.0694
     397    1.0236
     398    0.9765
     399    1.0792
     400    1.1426
     401    1.0638
     402    1.1670
     403    1.2482
     404    1.3485
     405    1.2637
     406    1.2770
     407    1.3023
     408    1.2295
     409    1.1210
     410    1.1106
     411    1.0016
     412    1.0985
     413    1.1088
     414    1.2223
     415    1.1292
     416    1.1179
     417    1.0431
     418    1.0407
     419    0.9898
     420    1.0376
     421    1.0591
     422    1.0119
     423    1.0379
     424    1.0926
     425    1.0433
     426    1.0742
     427    1.0564
     428    1.0791
     429    1.0177
     430    1.0815
     431    1.0535
     432    0.9377
     433    0.9437
     434    0.9890
     435    1.0596
     436    0.9590
     437    1.0368
     438    1.0591
     439    0.9767
     440    1.0391
     441    1.0181
     442    1.0236
     443    1.0553
     444    1.0647
     445    0.9955
     446    1.0296
     447    1.1146
     448    1.0736
     449    1.0631
     450    1.1749
     451    1.0326
     452    0.9962
     453    1.0531
     454    1.0681
     455    1.1295
     456    1.0926
     457    1.1929
     458    0.9907
     459    1.0267
     460    1.1350
     461    1.0489
     462    1.1890
     463    1.2104
     464    1.1662
     465    1.0828
     466    1.1632
     467    1.3275
     468    1.1496
     469    1.1419
     470    1.1437
     471    1.1051
     472    1.1094
     473    1.1007
     474    0.9805
     475    0.9869
     476    1.0535
     477    1.1441
     478    1.2355
     479    1.1248
     480    1.1438
     481    1.0103
     482    1.1306
     483    1.2107
     484    1.1282
     485    1.1336
     486    1.1987
     487    1.1053
     488    1.1612
     489    1.2271
     490    1.0702
     491    1.1250
     492    1.1024
     493    1.1706
     494    1.1307
     495    1.1991
     496    1.1591
     497    1.1982
     498    1.2216
     499    1.3387
     500    1.2928
     501    1.2521
     502    1.1423
     503    1.4231
     504    1.3752
     505    1.4019
     506    1.3003
     507    1.3959
     508    1.3347
     509    1.3145
     510    1.3840
     511    1.2414
     512    1.2281
     513    1.1929
     514    1.1542
     515    1.1715
     516    1.2347
     517    1.2221
     518    1.4586
     519    1.3411
     520    1.3586
     521    1.3709
     522    1.1125
     523    1.1233
     524    1.1032
     525    1.0145
     526    0.9354
     527    0.9359
     528    1.0907
     529    1.0872
     530    1.0282
     531    1.0931
     532    1.1888
     533    1.1024
     534    1.0628
     535    1.0657
     536    1.0567
     537    1.1744
     538    1.2148
     539    1.0450
     540    1.2824
     541    1.3836
     542    1.4023
     543    1.4143
     544    1.5116
     545    1.6402
     546    1.4333
     547    1.6032
     548    1.4781
     549    1.3595
     550    1.3766
     551    1.4683
     552    1.5613
     553    1.3477
     554    1.3008
     555    1.3092
     556    1.5120
     557    1.4215
     558    1.3734
     559    1.4229
     560    1.2772
     561    1.3233
     562    1.2862
     563    1.2649
     564    1.3084
     565    1.1874
     566    1.2167
     567    1.2349
     568    1.2430
     569    1.2555
     570    1.2726
     571    1.3602
     572    1.2449
     573    1.2869
     574    1.2671
     575    1.2206
     576    1.2384
     577    1.1295
     578    0.9950
     579    0.9778
     580    1.0403
     581    0.9598
     582    0.9479
     583    1.0791
     584    0.9069
     585    0.9719
     586    0.8862
     587    0.8761
     588    0.8410
     589    0.7644
     590    0.9603
     591    0.9732
     592    1.0319
     593    0.9529
     594    0.8784
     595    0.9061
     596    0.9479
     597    1.0132
     598    0.9750
     599    0.9293
     600    1.0147
     601    0.8981
     602    1.0509
     603    1.0089
     604    1.1008
     605    1.0271
     606    1.1122
     607    1.0709
     608    0.9818
     609    1.1722
     610    1.0706
     611    1.1355
     612    1.1332
     613    1.2285
     614    1.2779
     615    1.3943
     616    1.3949
     617    1.4130
     618    1.5099
     619    1.4839
     620    1.4179
     621    1.2973
     622    1.5248
     623    1.3190
     624    1.2624
     625    1.2988
     626    1.5084
     627    1.5713
     628    1.4834
     629    1.4637
     630    1.5880
     631    1.4931
     632    1.5433
     633    1.5638
     634    1.6665
     635    1.7400
     636    1.5672
     637    1.4892
     638    1.4992
     639    1.4501
     640    1.4642
     641    1.3852
     642    1.3558
     643    1.3960
     644    1.3322
     645    1.4302
     646    1.6022
     647    1.5334
     648    1.4875
     649    1.4560
     650    1.4648
     651    1.4093
     652    1.5660
     653    1.6150
     654    1.5511
     655    1.6885
     656    1.5163
     657    1.4073
     658    1.3573
     659    1.3760
     660    1.2959
     661    1.3248
     662    1.3015
     663    1.2800
     664    1.3556
     665    1.5259
     666    1.5739
     667    1.6087
     668    1.8068
     669    1.7546
     670    1.6491
     671    1.7661
     672    1.5772
     673    1.6373
     674    1.6054
     675    1.6563
     676    1.5040
     677    1.5167
     678    1.5020
     679    1.4579
     680    1.3924
     681    1.2582
     682    1.3516
     683    1.3581
     684    1.4396
     685    1.3313
     686    1.4853
     687    1.4236
     688    1.3266
     689    1.3214
     690    1.3704
     691    1.4603
     692    1.4517
     693    1.3785
     694    1.4012
     695    1.2904
     696    1.3123
     697    1.3385
     698    1.2694
     699    1.1677
     700    1.2959
     701    1.3952
     702    1.3304
     703    1.3841
     704    1.4488
     705    1.4749
     706    1.4368
     707    1.3339
     708    1.3257
     709    1.5200
     710    1.3984
     711    1.4845
     712    1.4025
     713    1.3411
     714    1.4928
     715    1.6107
     716    1.5582
     717    1.4833
     718    1.4887
     719    1.5381
     720    1.6499
     721    1.5247
     722    1.3937
     723    1.3681
     724    1.3824
     725    1.3546
     726    1.3680
     727    1.3885
     728    1.5396
     729    1.5620
     730    1.6721
     731    1.5688
     732    1.6725
     733    1.6586
     734    1.5946
     735    1.4898
     736    1.5563
     737    1.6600
     738    1.6337
     739    1.5290
     740    1.4250
     741    1.4421
     742    1.4864
     743    1.4605
     744    1.5908
     745    1.6536
     746    1.6987
     747    1.7055
     748    1.6553
     749    1.6860
     750    1.6884
     751    1.6606
     752    1.8620
     753    1.8664
     754    1.8960
     755    1.7904
     756    1.9257
     757    1.8766
     758    2.0406
     759    2.0367
     760    2.0038
     761    1.9272
     762    1.9464
     763    2.0465
     764    2.0593
     765    2.0937
     766    1.9917
     767    1.9164
     768    1.8868
     769    1.9138
     770    1.8995
     771    2.0232
     772    2.1030
     773    1.9880
     774    1.8801
     775    1.8912
     776    1.8885
     777    1.9790
     778    1.8887
     779    1.8154
     780    1.8547
     781    1.6139
     782    1.5361
     783    1.6868
     784    1.7761
     785    1.7056
     786    1.7030
     787    1.8148
     788    1.9881
     789    2.0047
     790    1.9714
     791    1.9715
     792    2.0049
     793    2.0134
     794    2.0228
     795    2.1529
     796    2.0703
     797    2.0130
     798    2.0587
     799    2.1196
     800    2.0129
     801    2.0530
     802    2.1554
     803    2.1018
     804    2.0173
     805    1.9440
     806    1.9187
     807    1.9599
     808    1.9703
     809    2.0873
     810    2.0233
     811    2.0572
     812    2.1173
     813    1.9856
     814    1.9541
     815    2.0880
     816    2.1281
     817    2.1152
     818    1.8503
     819    1.8766
     820    1.9778
     821    2.0731
     822    2.1202
     823    1.9845
     824    1.7959
     825    1.5500
     826    1.6053
     827    1.6122
     828    1.5358
     829    1.3912
     830    1.3887
     831    1.4077
     832    1.2927
     833    1.2870
     834    1.3131
     835    1.2434
     836    1.2985
     837    1.2998
     838    1.5811
     839    1.4322
     840    1.4320
     841    1.4811
     842    1.4217
     843    1.5351
     844    1.5510
     845    1.4760
     846    1.5556
     847    1.5936
     848    1.4380
     849    1.3983
     850    1.3324
     851    1.4854
     852    1.5736
     853    1.6344
     854    1.6295
     855    1.6669
     856    1.7092
     857    1.5917
     858    1.6259
     859    1.7253
     860    1.7677
     861    1.6244
     862    1.7023
     863    1.6478
     864    1.6664
     865    1.6378
     866    1.6984
     867    1.6455
     868    1.7130
     869    1.7390
     870    1.8360
     871    1.6979
     872    1.6498
     873    1.7608
     874    1.7137
     875    1.6118
     876    1.7103
     877    1.7632
     878    1.7758
     879    1.6716
     880    1.5645
     881    1.5073
     882    1.5297
     883    1.5953
     884    1.4985
     885    1.4675
     886    1.4895
     887    1.5615
     888    1.4173
     889    1.2402
     890    1.2558
     891    1.2706
     892    1.3631
     893    1.3140
     894    1.4160
     895    1.2166
     896    1.0922
     897    1.1201
     898    1.0492
     899    1.1096
     900    1.1602
     901    1.0683
     902    1.1597
     903    1.1701
     904    1.1030
     905    1.1328
     906    1.0525
     907    1.0679
     908    1.0828
     909    1.1130
     910    1.0808
     911    0.9691
     912    0.9337
     913    1.0111
     914    0.9386
     915    1.0312
     916    1.2394
     917    1.1218
     918    0.9965
     919    0.9837
     920    1.1002
     921    1.0832
     922    1.1369
     923    1.2378
     924    1.1030
     925    1.1271
     926    1.1469
     927    1.2224
     928    1.2664
     929    1.3005
     930    1.2825
     931    1.2205
     932    1.1965
     933    1.1856
     934    1.1338
     935    1.2155
     936    1.0858
     937    1.0219
     938    0.9870
     939    1.0486
     940    1.1544
     941    1.1103
     942    1.0492
     943    1.0733
     944    1.1504
     945    1.0706
     946    1.0135
     947    1.0519
     948    0.8814
     949    1.0288
     950    0.9806
     951    1.0125
     952    1.0047
     953    1.0240
     954    1.0552
     955    1.0193
     956    1.0845
     957    1.0861
     958    1.1563
     959    1.2261
     960    1.1433
     961    1.1372
     962    1.1547
     963    1.2319
     964    1.1963
     965    1.1738
     966    1.1053
     967    1.0739
     968    1.1050
     969    1.2340
     970    1.2000
     971    1.1600
     972    1.1298
     973    1.1071
     974    1.2048
     975    1.1948
     976    1.1842
     977    1.2453
     978    1.2851
     979    1.1830
     980    1.1503
     981    1.1189
     982    1.1545
     983    1.1230
     984    1.1580
     985    1.2920
     986    1.2631
     987    1.2086
     988    1.1428
     989    1.1216
     990    1.1557
     991    1.4259
     992    1.2880
     993    1.2622
     994    1.1252
     995    1.1790
     996    1.2605
     997    1.2210
     998    1.4432
     999    1.4891
