ResNum RESNAME First Last Natom RESID MolNum
    1 THR       1     16     16   172     1  
    2 THR      17     30     14   173     1  
    3 ASN      31     44     14   174     1  
    4 VAL      45     60     16   175     1  
    5 GLY      61     67      7   176     1  
    6 ASP      68     79     12   177     1  
    7 SER      80     90     11   178     1  
    8 THR      91    104     14   179     1  
    9 LEU     105    123     19   180     1  
   10 ALA     124    133     10   181     1  
   11 ASP     134    145     12   182     1  
   12 LEU     146    164     19   183     1  
   13 LEU     165    183     19   184     1  
   14 ASP     184    195     12   185     1  
   15 HSD     196    212     17   186     1  
   16 SER     213    223     11   187     1  
   17 CYS     224    234     11   188     1  
   18 THR     235    248     14   189     1  
   19 SER     249    259     11   190     1  
   20 GLY     260    266      7   191     1  
   21 SER     267    277     11   192     1  
   22 GLY     278    284      7   193     1  
   23 SER     285    295     11   194     1  
   24 GLY     296    302      7   195     1  
   25 LEU     303    321     19   196     1  
   26 PRO     322    335     14   197     1  
   27 PHE     336    355     20   198     1  
   28 LEU     356    374     19   199     1  
   29 VAL     375    390     16   200     1  
   30 GLN     391    407     17   201     1  
   31 ARG     408    431     24   202     1  
   32 THR     432    445     14   203     1  
   33 VAL     446    461     16   204     1  
   34 ALA     462    471     10   205     1  
   35 ARG     472    495     24   206     1  
   36 ASP     496    507     12   207     1  
   37 ILE     508    526     19   208     1  
   38 THR     527    540     14   209     1  
   39 LEU     541    559     19   210     1  
   40 LEU     560    578     19   211     1  
   41 GLU     579    593     15   212     1  
   42 CYS     594    604     11   213     1  
   43 VAL     605    620     16   214     1  
   44 GLY     621    627      7   215     1  
   45 LYS     628    649     22   216     1  
   46 GLY     650    656      7   217     1  
   47 ARG     657    680     24   218     1  
   48 TYR     681    701     21   219     1  
   49 GLY     702    708      7   220     1  
   50 GLU     709    723     15   221     1  
   51 VAL     724    739     16   222     1  
   52 TRP     740    763     24   223     1  
   53 ARG     764    787     24   224     1  
   54 GLY     788    794      7   225     1  
   55 SER     795    805     11   226     1  
   56 TRP     806    829     24   227     1  
   57 GLN     830    846     17   228     1  
   58 GLY     847    853      7   229     1  
   59 GLU     854    868     15   230     1  
   60 ASN     869    882     14   231     1  
   61 VAL     883    898     16   232     1  
   62 ALA     899    908     10   233     1  
   63 VAL     909    924     16   234     1  
   64 LYS     925    946     22   235     1  
   65 ILE     947    965     19   236     1  
   66 PHE     966    985     20   237     1  
   67 SER     986    996     11   238     1  
   68 SER     997   1007     11   239     1  
   69 ARG    1008   1031     24   240     1  
   70 ASP    1032   1043     12   241     1  
   71 GLU    1044   1058     15   242     1  
   72 LYS    1059   1080     22   243     1  
   73 SER    1081   1091     11   244     1  
   74 TRP    1092   1115     24   245     1  
   75 PHE    1116   1135     20   246     1  
   76 ARG    1136   1159     24   247     1  
   77 GLU    1160   1174     15   248     1  
   78 THR    1175   1188     14   249     1  
   79 GLU    1189   1203     15   250     1  
   80 LEU    1204   1222     19   251     1  
   81 TYR    1223   1243     21   252     1  
   82 ASN    1244   1257     14   253     1  
   83 THR    1258   1271     14   254     1  
   84 VAL    1272   1287     16   255     1  
   85 MET    1288   1304     17   256     1  
   86 LEU    1305   1323     19   257     1  
   87 ARG    1324   1347     24   258     1  
   88 HSD    1348   1364     17   259     1  
   89 GLU    1365   1379     15   260     1  
   90 ASN    1380   1393     14   261     1  
   91 ILE    1394   1412     19   262     1  
   92 LEU    1413   1431     19   263     1  
   93 GLY    1432   1438      7   264     1  
   94 PHE    1439   1458     20   265     1  
   95 ILE    1459   1477     19   266     1  
   96 ALA    1478   1487     10   267     1  
   97 SER    1488   1498     11   268     1  
   98 ASP    1499   1510     12   269     1  
   99 MET    1511   1527     17   270     1  
  100 THR    1528   1541     14   271     1  
  101 SER    1542   1552     11   272     1  
  102 ARG    1553   1576     24   273     1  
  103 HSD    1577   1593     17   274     1  
  104 SER    1594   1604     11   275     1  
  105 SER    1605   1615     11   276     1  
  106 THR    1616   1629     14   277     1  
  107 GLN    1630   1646     17   278     1  
  108 LEU    1647   1665     19   279     1  
  109 TRP    1666   1689     24   280     1  
  110 LEU    1690   1708     19   281     1  
  111 ILE    1709   1727     19   282     1  
  112 THR    1728   1741     14   283     1  
  113 HSD    1742   1758     17   284     1  
  114 TYR    1759   1779     21   285     1  
  115 HSD    1780   1796     17   286     1  
  116 GLU    1797   1811     15   287     1  
  117 MET    1812   1828     17   288     1  
  118 GLY    1829   1835      7   289     1  
  119 SER    1836   1846     11   290     1  
  120 LEU    1847   1865     19   291     1  
  121 TYR    1866   1886     21   292     1  
  122 ASP    1887   1898     12   293     1  
  123 TYR    1899   1919     21   294     1  
  124 LEU    1920   1938     19   295     1  
  125 GLN    1939   1955     17   296     1  
  126 LEU    1956   1974     19   297     1  
  127 THR    1975   1988     14   298     1  
  128 THR    1989   2002     14   299     1  
  129 LEU    2003   2021     19   300     1  
  130 ASP    2022   2033     12   301     1  
  131 THR    2034   2047     14   302     1  
  132 VAL    2048   2063     16   303     1  
  133 SER    2064   2074     11   304     1  
  134 CYS    2075   2085     11   305     1  
  135 LEU    2086   2104     19   306     1  
  136 ARG    2105   2128     24   307     1  
  137 ILE    2129   2147     19   308     1  
  138 VAL    2148   2163     16   309     1  
  139 LEU    2164   2182     19   310     1  
  140 SER    2183   2193     11   311     1  
  141 ILE    2194   2212     19   312     1  
  142 ALA    2213   2222     10   313     1  
  143 SER    2223   2233     11   314     1  
  144 GLY    2234   2240      7   315     1  
  145 LEU    2241   2259     19   316     1  
  146 ALA    2260   2269     10   317     1  
  147 HSD    2270   2286     17   318     1  
  148 LEU    2287   2305     19   319     1  
  149 HSD    2306   2322     17   320     1  
  150 ILE    2323   2341     19   321     1  
  151 GLU    2342   2356     15   322     1  
  152 ILE    2357   2375     19   323     1  
  153 PHE    2376   2395     20   324     1  
  154 GLY    2396   2402      7   325     1  
  155 THR    2403   2416     14   326     1  
  156 GLN    2417   2433     17   327     1  
  157 GLY    2434   2440      7   328     1  
  158 LYS    2441   2462     22   329     1  
  159 PRO    2463   2476     14   330     1  
  160 ALA    2477   2486     10   331     1  
  161 ILE    2487   2505     19   332     1  
  162 ALA    2506   2515     10   333     1  
  163 HSD    2516   2532     17   334     1  
  164 ARG    2533   2556     24   335     1  
  165 ASP    2557   2568     12   336     1  
  166 LEU    2569   2587     19   337     1  
  167 LYS    2588   2609     22   338     1  
  168 SER    2610   2620     11   339     1  
  169 LYS    2621   2642     22   340     1  
  170 ASN    2643   2656     14   341     1  
  171 ILE    2657   2675     19   342     1  
  172 LEU    2676   2694     19   343     1  
  173 VAL    2695   2710     16   344     1  
  174 LYS    2711   2732     22   345     1  
  175 LYS    2733   2754     22   346     1  
  176 ASN    2755   2768     14   347     1  
  177 GLY    2769   2775      7   348     1  
  178 GLN    2776   2792     17   349     1  
  179 CYS    2793   2803     11   350     1  
  180 CYS    2804   2814     11   351     1  
  181 ILE    2815   2833     19   352     1  
  182 ALA    2834   2843     10   353     1  
  183 ASP    2844   2855     12   354     1  
  184 LEU    2856   2874     19   355     1  
  185 GLY    2875   2881      7   356     1  
  186 LEU    2882   2900     19   357     1  
  187 ALA    2901   2910     10   358     1  
  188 VAL    2911   2926     16   359     1  
  189 MET    2927   2943     17   360     1  
  190 HSD    2944   2960     17   361     1  
  191 SER    2961   2971     11   362     1  
  192 GLN    2972   2988     17   363     1  
  193 SER    2989   2999     11   364     1  
  194 THR    3000   3013     14   365     1  
  195 ASN    3014   3027     14   366     1  
  196 GLN    3028   3044     17   367     1  
  197 LEU    3045   3063     19   368     1  
  198 ASP    3064   3075     12   369     1  
  199 VAL    3076   3091     16   370     1  
  200 GLY    3092   3098      7   371     1  
  201 ASN    3099   3112     14   372     1  
  202 ASN    3113   3126     14   373     1  
  203 PRO    3127   3140     14   374     1  
  204 ARG    3141   3164     24   375     1  
  205 VAL    3165   3180     16   376     1  
  206 GLY    3181   3187      7   377     1  
  207 THR    3188   3201     14   378     1  
  208 LYS    3202   3223     22   379     1  
  209 ARG    3224   3247     24   380     1  
  210 TYR    3248   3268     21   381     1  
  211 MET    3269   3285     17   382     1  
  212 ALA    3286   3295     10   383     1  
  213 PRO    3296   3309     14   384     1  
  214 GLU    3310   3324     15   385     1  
  215 VAL    3325   3340     16   386     1  
  216 LEU    3341   3359     19   387     1  
  217 ASP    3360   3371     12   388     1  
  218 GLU    3372   3386     15   389     1  
  219 THR    3387   3400     14   390     1  
  220 ILE    3401   3419     19   391     1  
  221 GLN    3420   3436     17   392     1  
  222 VAL    3437   3452     16   393     1  
  223 ASP    3453   3464     12   394     1  
  224 CYS    3465   3475     11   395     1  
  225 PHE    3476   3495     20   396     1  
  226 ASP    3496   3507     12   397     1  
  227 SER    3508   3518     11   398     1  
  228 TYR    3519   3539     21   399     1  
  229 LYS    3540   3561     22   400     1  
  230 ARG    3562   3585     24   401     1  
  231 VAL    3586   3601     16   402     1  
  232 ASP    3602   3613     12   403     1  
  233 ILE    3614   3632     19   404     1  
  234 TRP    3633   3656     24   405     1  
  235 ALA    3657   3666     10   406     1  
  236 PHE    3667   3686     20   407     1  
  237 GLY    3687   3693      7   408     1  
  238 LEU    3694   3712     19   409     1  
  239 VAL    3713   3728     16   410     1  
  240 LEU    3729   3747     19   411     1  
  241 TRP    3748   3771     24   412     1  
  242 GLU    3772   3786     15   413     1  
  243 VAL    3787   3802     16   414     1  
  244 ALA    3803   3812     10   415     1  
  245 ARG    3813   3836     24   416     1  
  246 ARG    3837   3860     24   417     1  
  247 MET    3861   3877     17   418     1  
  248 VAL    3878   3893     16   419     1  
  249 SER    3894   3904     11   420     1  
  250 ASN    3905   3918     14   421     1  
  251 GLY    3919   3925      7   422     1  
  252 ILE    3926   3944     19   423     1  
  253 VAL    3945   3960     16   424     1  
  254 GLU    3961   3975     15   425     1  
  255 ASP    3976   3987     12   426     1  
  256 TYR    3988   4008     21   427     1  
  257 LYS    4009   4030     22   428     1  
  258 PRO    4031   4044     14   429     1  
  259 PRO    4045   4058     14   430     1  
  260 PHE    4059   4078     20   431     1  
  261 TYR    4079   4099     21   432     1  
  262 ASP    4100   4111     12   433     1  
  263 VAL    4112   4127     16   434     1  
  264 VAL    4128   4143     16   435     1  
  265 PRO    4144   4157     14   436     1  
  266 ASN    4158   4171     14   437     1  
  267 ASP    4172   4183     12   438     1  
  268 PRO    4184   4197     14   439     1  
  269 SER    4198   4208     11   440     1  
  270 PHE    4209   4228     20   441     1  
  271 GLU    4229   4243     15   442     1  
  272 ASP    4244   4255     12   443     1  
  273 MET    4256   4272     17   444     1  
  274 ARG    4273   4296     24   445     1  
  275 LYS    4297   4318     22   446     1  
  276 VAL    4319   4334     16   447     1  
  277 VAL    4335   4350     16   448     1  
  278 CYS    4351   4361     11   449     1  
  279 VAL    4362   4377     16   450     1  
  280 ASP    4378   4389     12   451     1  
  281 GLN    4390   4406     17   452     1  
  282 GLN    4407   4423     17   453     1  
  283 ARG    4424   4447     24   454     1  
  284 PRO    4448   4461     14   455     1  
  285 ASN    4462   4475     14   456     1  
  286 ILE    4476   4494     19   457     1  
  287 PRO    4495   4508     14   458     1  
  288 ASN    4509   4522     14   459     1  
  289 ARG    4523   4546     24   460     1  
  290 TRP    4547   4570     24   461     1  
  291 PHE    4571   4590     20   462     1  
  292 SER    4591   4601     11   463     1  
  293 ASP    4602   4613     12   464     1  
  294 PRO    4614   4627     14   465     1  
  295 THR    4628   4641     14   466     1  
  296 LEU    4642   4660     19   467     1  
  297 THR    4661   4674     14   468     1  
  298 SER    4675   4685     11   469     1  
  299 LEU    4686   4704     19   470     1  
  300 ALA    4705   4714     10   471     1  
  301 LYS    4715   4736     22   472     1  
  302 LEU    4737   4755     19   473     1  
  303 MET    4756   4772     17   474     1  
  304 LYS    4773   4794     22   475     1  
  305 GLU    4795   4809     15   476     1  
  306 CYS    4810   4820     11   477     1  
  307 TRP    4821   4844     24   478     1  
  308 TYR    4845   4865     21   479     1  
  309 GLN    4866   4882     17   480     1  
  310 ASN    4883   4896     14   481     1  
  311 PRO    4897   4910     14   482     1  
  312 SER    4911   4921     11   483     1  
  313 ALA    4922   4931     10   484     1  
  314 ARG    4932   4955     24   485     1  
  315 LEU    4956   4974     19   486     1  
  316 THR    4975   4988     14   487     1  
  317 ALA    4989   4998     10   488     1  
  318 LEU    4999   5017     19   489     1  
  319 ARG    5018   5041     24   490     1  
  320 ILE    5042   5060     19   491     1  
  321 LYS    5061   5082     22   492     1  
  322 LYS    5083   5104     22   493     1  
  323 THR    5105   5118     14   494     1  
  324 LEU    5119   5137     19   495     1  
  325 THR    5138   5151     14   496     1  
  326 LYS    5152   5173     22   497     1  
  327 ILE    5174   5192     19   498     1  
  328 ASP    5193   5205     13   499     1  
  329 GLY    5206   5214      9     2     2  
  330 VAL    5215   5230     16     3     2  
  331 GLN    5231   5247     17     4     2  
  332 VAL    5248   5263     16     5     2  
  333 GLU    5264   5278     15     6     2  
  334 THR    5279   5292     14     7     2  
  335 ILE    5293   5311     19     8     2  
  336 SER    5312   5322     11     9     2  
  337 PRO    5323   5336     14    10     2  
  338 GLY    5337   5343      7    11     2  
  339 ASP    5344   5355     12    12     2  
  340 GLY    5356   5362      7    13     2  
  341 ARG    5363   5386     24    14     2  
  342 THR    5387   5400     14    15     2  
  343 PHE    5401   5420     20    16     2  
  344 PRO    5421   5434     14    17     2  
  345 LYS    5435   5456     22    18     2  
  346 ARG    5457   5480     24    19     2  
  347 GLY    5481   5487      7    20     2  
  348 GLN    5488   5504     17    21     2  
  349 THR    5505   5518     14    22     2  
  350 CYS    5519   5529     11    23     2  
  351 VAL    5530   5545     16    24     2  
  352 VAL    5546   5561     16    25     2  
  353 HSD    5562   5578     17    26     2  
  354 TYR    5579   5599     21    27     2  
  355 THR    5600   5613     14    28     2  
  356 GLY    5614   5620      7    29     2  
  357 MET    5621   5637     17    30     2  
  358 LEU    5638   5656     19    31     2  
  359 GLU    5657   5671     15    32     2  
  360 ASP    5672   5683     12    33     2  
  361 GLY    5684   5690      7    34     2  
  362 LYS    5691   5712     22    35     2  
  363 LYS    5713   5734     22    36     2  
  364 PHE    5735   5754     20    37     2  
  365 ASP    5755   5766     12    38     2  
  366 SER    5767   5777     11    39     2  
  367 SER    5778   5788     11    40     2  
  368 ARG    5789   5812     24    41     2  
  369 ASP    5813   5824     12    42     2  
  370 ARG    5825   5848     24    43     2  
  371 ASN    5849   5862     14    44     2  
  372 LYS    5863   5884     22    45     2  
  373 PRO    5885   5898     14    46     2  
  374 PHE    5899   5918     20    47     2  
  375 LYS    5919   5940     22    48     2  
  376 PHE    5941   5960     20    49     2  
  377 MET    5961   5977     17    50     2  
  378 LEU    5978   5996     19    51     2  
  379 GLY    5997   6003      7    52     2  
  380 LYS    6004   6025     22    53     2  
  381 GLN    6026   6042     17    54     2  
  382 GLU    6043   6057     15    55     2  
  383 VAL    6058   6073     16    56     2  
  384 ILE    6074   6092     19    57     2  
  385 ARG    6093   6116     24    58     2  
  386 GLY    6117   6123      7    59     2  
  387 TRP    6124   6147     24    60     2  
  388 GLU    6148   6162     15    61     2  
  389 GLU    6163   6177     15    62     2  
  390 GLY    6178   6184      7    63     2  
  391 VAL    6185   6200     16    64     2  
  392 ALA    6201   6210     10    65     2  
  393 GLN    6211   6227     17    66     2  
  394 MET    6228   6244     17    67     2  
  395 SER    6245   6255     11    68     2  
  396 VAL    6256   6271     16    69     2  
  397 GLY    6272   6278      7    70     2  
  398 GLN    6279   6295     17    71     2  
  399 ARG    6296   6319     24    72     2  
  400 ALA    6320   6329     10    73     2  
  401 LYS    6330   6351     22    74     2  
  402 LEU    6352   6370     19    75     2  
  403 THR    6371   6384     14    76     2  
  404 ILE    6385   6403     19    77     2  
  405 SER    6404   6414     11    78     2  
  406 PRO    6415   6428     14    79     2  
  407 ASP    6429   6440     12    80     2  
  408 TYR    6441   6461     21    81     2  
  409 ALA    6462   6471     10    82     2  
  410 TYR    6472   6492     21    83     2  
  411 GLY    6493   6499      7    84     2  
  412 ALA    6500   6509     10    85     2  
  413 THR    6510   6523     14    86     2  
  414 GLY    6524   6530      7    87     2  
  415 HSD    6531   6547     17    88     2  
  416 PRO    6548   6561     14    89     2  
  417 GLY    6562   6568      7    90     2  
  418 ILE    6569   6587     19    91     2  
  419 ILE    6588   6606     19    92     2  
  420 PRO    6607   6620     14    93     2  
  421 PRO    6621   6634     14    94     2  
  422 HSD    6635   6651     17    95     2  
  423 ALA    6652   6661     10    96     2  
  424 THR    6662   6675     14    97     2  
  425 LEU    6676   6694     19    98     2  
  426 VAL    6695   6710     16    99     2  
  427 PHE    6711   6730     20   100     2  
  428 ASP    6731   6742     12   101     2  
  429 VAL    6743   6758     16   102     2  
  430 GLU    6759   6773     15   103     2  
  431 LEU    6774   6792     19   104     2  
  432 LEU    6793   6811     19   105     2  
  433 LYS    6812   6833     22   106     2  
  434 LEU    6834   6852     19   107     2  
  435 GLU    6853   6868     16   108     2  
