       1    1.3644
       2    1.2268
       3    1.1377
       4    1.0749
       5    1.1596
       6    1.1518
       7    1.0241
       8    0.9757
       9    0.9418
      10    0.9851
      11    1.0055
      12    1.0481
      13    0.9292
      14    1.0042
      15    1.0952
      16    1.0537
      17    0.9514
      18    0.9805
      19    0.9832
      20    0.9524
      21    0.9526
      22    0.9586
      23    0.9183
      24    1.0089
      25    0.9883
      26    1.0317
      27    1.0033
      28    0.8776
      29    0.9279
      30    0.8203
      31    0.8328
      32    0.9269
      33    1.0248
      34    0.9954
      35    0.9106
      36    0.8877
      37    0.9885
      38    0.9693
      39    0.9773
      40    1.0461
      41    1.0728
      42    1.0559
      43    1.0716
      44    0.9925
      45    0.9308
      46    0.7967
      47    0.9059
      48    0.9762
      49    0.8848
      50    0.7348
      51    0.8256
      52    0.8616
      53    0.8991
      54    0.8881
      55    0.9245
      56    0.8300
      57    1.0067
      58    0.9248
      59    0.9632
      60    0.9564
      61    0.8848
      62    0.7968
      63    0.8796
      64    0.8364
      65    0.8182
      66    0.8640
      67    0.8042
      68    0.7539
      69    0.7817
      70    0.7360
      71    0.7688
      72    0.8002
      73    0.7766
      74    0.7253
      75    0.6482
      76    0.8032
      77    0.7668
      78    0.7225
      79    0.7032
      80    0.8674
      81    0.8079
      82    0.8824
      83    0.8578
      84    0.9169
      85    0.9066
      86    0.9236
      87    0.8064
      88    0.7948
      89    0.8029
      90    0.8325
      91    0.9269
      92    0.9771
      93    0.9772
      94    0.8516
      95    0.8844
      96    0.7611
      97    0.8522
      98    0.7332
      99    0.8004
     100    0.8281
     101    0.8213
     102    0.7601
     103    0.7310
     104    0.8618
     105    0.7146
     106    0.6502
     107    0.8137
     108    0.7931
     109    0.8955
     110    0.9054
     111    1.0073
     112    0.9380
     113    0.9066
     114    0.8567
     115    0.8550
     116    0.8098
     117    0.7852
     118    0.7391
     119    0.8185
     120    0.8034
     121    0.8869
     122    0.7339
     123    0.9600
     124    0.8248
     125    0.8285
     126    0.8035
     127    0.8236
     128    0.7639
     129    0.8044
     130    0.9037
     131    0.9557
     132    0.9575
     133    0.9627
     134    0.9334
     135    0.9187
     136    0.8271
     137    0.8444
     138    0.8584
     139    0.8199
     140    0.8664
     141    1.0335
     142    0.9931
     143    1.0087
     144    1.0412
     145    1.0562
     146    0.9953
     147    0.9805
     148    0.9290
     149    0.9126
     150    0.8124
     151    0.7750
     152    0.8646
     153    0.7468
     154    0.8461
     155    0.9171
     156    0.9085
     157    0.9500
     158    0.8687
     159    0.8446
     160    0.8214
     161    0.9548
     162    0.8822
     163    0.7758
     164    0.7232
     165    0.8312
     166    0.8038
     167    0.7143
     168    0.7311
     169    0.7524
     170    0.8070
     171    0.8380
     172    0.7380
     173    0.7784
     174    0.6678
     175    0.6047
     176    0.6707
     177    0.6556
     178    0.7275
     179    0.7163
     180    0.6984
     181    0.7239
     182    0.6973
     183    0.6560
     184    0.7506
     185    0.6695
     186    0.6904
     187    0.7639
     188    0.8046
     189    0.7219
     190    0.7683
     191    0.8708
     192    0.7811
     193    0.7188
     194    0.6608
     195    0.6671
     196    0.7212
     197    0.7029
     198    0.6427
     199    0.7164
     200    0.6781
     201    0.7238
     202    0.7432
     203    0.8147
     204    0.6671
     205    0.6555
     206    0.6708
     207    0.8159
     208    0.8915
     209    0.8346
     210    0.8259
     211    0.7925
     212    0.8612
     213    0.9222
     214    0.7764
     215    0.8881
     216    0.7933
     217    0.8628
     218    0.8653
     219    0.9422
     220    0.9246
     221    0.9250
     222    0.9119
     223    0.7560
     224    0.7062
     225    0.7720
     226    0.8136
     227    0.8365
     228    0.8492
     229    0.9498
     230    1.0476
     231    1.0428
     232    0.7922
     233    0.8271
     234    0.9538
     235    0.8875
     236    0.9713
     237    1.0572
     238    0.9861
     239    1.0175
     240    1.0378
     241    0.9466
     242    0.8707
     243    0.8985
     244    0.9780
     245    0.8948
     246    0.9333
     247    0.9160
     248    0.9114
     249    1.0332
     250    1.0117
     251    0.9553
     252    0.8587
     253    0.9319
     254    0.9304
     255    0.9616
     256    0.9539
     257    1.0439
     258    1.1213
     259    1.0311
     260    0.9195
     261    0.9941
     262    0.9608
     263    1.0595
     264    1.0597
     265    1.1158
     266    1.0045
     267    0.9762
     268    0.9483
     269    1.0002
     270    0.9705
     271    0.9221
     272    0.9149
     273    0.9278
     274    0.9544
     275    0.8953
     276    0.8911
     277    0.8710
     278    0.9034
     279    0.9752
     280    0.9336
     281    0.9354
     282    0.9965
     283    0.9947
     284    0.9290
     285    1.0212
     286    1.1573
     287    1.0648
     288    1.0805
     289    1.0199
     290    1.0203
     291    1.1294
     292    1.1271
     293    1.1518
     294    1.1018
     295    1.0349
     296    0.9619
     297    0.9896
     298    1.0170
     299    0.8822
     300    0.8818
     301    0.8903
     302    1.0021
     303    0.9722
     304    1.0169
     305    1.1841
     306    1.0090
     307    1.0907
     308    1.1597
     309    1.2285
     310    1.2144
     311    1.0990
     312    1.1170
     313    1.1593
     314    1.0422
     315    1.1343
     316    1.0609
     317    1.0791
     318    1.0423
     319    1.1326
     320    0.9060
     321    0.9000
     322    0.9915
     323    0.9292
     324    1.0329
     325    0.9797
     326    0.9846
     327    0.9881
     328    1.0244
     329    1.0542
     330    1.0703
     331    1.0061
